Target_pos_z	0.35
Target_color	green
SessionTime	TrialTime	Cursor_posx	Cursor_posy	Cursor_posz	MouseX	MouseY	Phase	TargetAchieved
15.15504	9.536743E-07	0	0	0	0	0	chrono	False
15.17641	0.02137089	0	0	0	0	0	chrono	False
15.21002	0.05497742	0	0	0	0	0	chrono	False
15.23377	0.07872963	0	0	0	0	0	chrono	False
15.25671	0.1016741	0	0	0	0.05	0	chrono	False
15.29054	0.1354961	0	0	0	0	-0.1	chrono	False
15.30672	0.1516838	0	0	0	0	0	chrono	False
15.31895	0.1639071	0	0	0	0	0	chrono	False
15.34261	0.1875668	0	0	0	0	0	chrono	False
15.37116	0.216114	0	0	0	0	0	chrono	False
15.39577	0.2407284	0	0	0	0.1	-0.5	chrono	False
15.42769	0.2726517	0	0	0	0.15	-0.65	chrono	False
15.45282	0.2977743	0	0	0	0.25	-0.85	chrono	False
15.4727	0.3176584	0	0	0	0.25	-0.55	chrono	False
15.49094	0.3358994	0	0	0	0.45	-0.95	chrono	False
15.51976	0.3647213	0	0	0	0.45	-1.05	chrono	False
15.54662	0.3915834	0	0	0	0.3	-1	chrono	False
15.5671	0.4120541	0	0	0	0.05	-0.3	chrono	False
15.59855	0.4435081	0	0	0	-0.05	-0.05	chrono	False
15.62111	0.4660683	0	0	0	-0.35	0.25	chrono	False
15.63853	0.4834843	0	0	0	-0.15	0.2	chrono	False
15.66313	0.5080929	0	0	0	-0.4	0.45	chrono	False
15.69098	0.5359392	0	0	0	-0.5	0.6	chrono	False
15.71771	0.5626669	0	0	0	-0.5	0.5	chrono	False
15.74349	0.5884504	0	0	0	0	0	chrono	False
15.76943	0.6143913	0	0	0	0	0	chrono	False
15.78958	0.6345348	0	0	0	0	0	chrono	False
15.81955	0.6645117	0	0	0	-0.05	0.25	chrono	False
15.84525	0.6902046	0	0	0	-0.2	0.45	chrono	False
15.87778	0.7227364	0	0	0	-0.05	0.1	chrono	False
15.8964	0.7413635	0	0	0	0	0	chrono	False
15.9243	0.7692595	0	0	0	0	0	chrono	False
15.95128	0.7962408	0	0	0	0.1	0	chrono	False
15.97318	0.8181429	0	0	0	0.75	0.05	chrono	False
16.00456	0.8495178	0	0	0	0.85	0.25	chrono	False
16.02656	0.8715191	0	0	0	0.7	0.1	chrono	False
16.05513	0.9000931	0	0	0	1.2	0	chrono	False
16.07673	0.9216919	0	0	0	0.8	0	chrono	False
16.11188	0.9568405	0	0	0	0.35	0	chrono	False
16.13497	0.9799309	0	0	0	0.6	0	chrono	False
16.1518	0.9967594	0	0	0	0.5	0	chrono	False
16.18423	1.029184	0	0	0	1.45	0	chrono	False
16.21843	1.063387	0	0	0	1.75	-0.7	chrono	False
16.24397	1.088932	0	0	0	1.15	-0.7	chrono	False
16.27696	1.121923	0	0	0	0.8	-0.65	chrono	False
16.30012	1.145079	0	0	0	0	-0.55	chrono	False
16.31871	1.16367	0	0	0	0	-0.25	chrono	False
16.34263	1.187586	0	0	0	-0.2	-0.35	chrono	False
16.37011	1.215069	0	0	0	-0.3	-0.25	chrono	False
16.39195	1.236912	0	0	0	-0.05	0	chrono	False
16.41948	1.264437	0	0	0	0	0	chrono	False
16.43622	1.281176	0	0	0	0	0	chrono	False
16.45851	1.303469	0	0	0	0	0	chrono	False
16.48366	1.328621	0	0	0	0	0	chrono	False
16.50189	1.346851	0	0	0	0	0	chrono	False
16.51906	1.364019	0	0	0	0	0	chrono	False
16.54919	1.39415	0	0	0	-0.3	0.25	chrono	False
16.57394	1.418894	0	0	0	-0.6	0.2	chrono	False
16.59842	1.443377	0	0	0	-0.65	0.05	chrono	False
16.61977	1.464731	0	0	0	-1.05	0.1	chrono	False
16.6471	1.492058	0	0	0	-1.15	0.2	chrono	False
16.67985	1.524809	0	0	0	-1.1	0.2	chrono	False
16.70092	1.545877	0	0	0	-0.55	0.25	chrono	False
16.7229	1.567862	0	0	0	-0.4	0.15	chrono	False
16.75262	1.597584	0	0	0	-0.95	0.25	chrono	False
16.78528	1.630238	0	0	0	-1.15	0.15	chrono	False
16.82911	1.674065	0	0	0	-1.1	0.1	chrono	False
16.84849	1.693449	0	0	0	-0.15	0	chrono	False
16.874	1.718956	0	0	0	0	0	chrono	False
16.90091	1.745871	0	0	0	-0.15	0.1	chrono	False
16.92642	1.771379	0	0	0	-0.8	0.35	chrono	False
16.95836	1.803324	0	0	0	-1.05	0.55	chrono	False
16.97866	1.823624	0	0	0	-0.4	0.3	chrono	False
17.00302	1.847975	0	0	0	-0.25	0.1	chrono	False
17.02904	1.873995	0	0	0	0	0	chrono	False
17.0494	1.894358	0	0	0	0	0	chrono	False
17.07995	1.924913	0	0	0	-0.5	0.05	chrono	False
17.09863	1.943584	0	0	0	-0.45	0.05	chrono	False
17.11787	1.962826	0	0	0	-0.1	0	chrono	False
17.13876	1.983719	0	0	0	-0.1	0.05	chrono	False
17.17158	2.016537	0	0	0	-0.15	0.1	chrono	False
17.2043	2.049261	0	0	0	-0.3	0.35	chrono	False
17.22864	2.073593	0	0	0	-0.3	0.1	chrono	False
17.247	2.091961	0	0	0	-0.15	0	chrono	False
17.26225	2.107214	0	0	0	-0.3	0	chrono	False
17.28662	2.131578	0	0	0	-0.75	0.25	chrono	False
17.3163	2.161259	0	0	0	-0.5	0.15	chrono	False
17.33976	2.184719	0	0	0	-0.1	0.15	chrono	False
17.37234	2.217295	0	0	0	0	0	chrono	False
17.39252	2.23748	0	0	0	0	0	chrono	False
17.4121	2.257061	0	0	0	0.15	0.05	chrono	False
17.42899	2.273945	0	0	0	0.75	0.1	chrono	False
17.44917	2.294125	0	0	0	0.45	0	chrono	False
17.4777	2.322659	0	0	0	1.05	0	chrono	False
17.50175	2.346706	0	0	0	0.2	0	chrono	False
17.53243	2.377392	0	0	0	0	0	chrono	False
17.5532	2.398163	0	0	0	0	0	chrono	False
17.56886	2.413816	0	0	0	0	0	chrono	False
17.59402	2.438978	0	0	0	0	0	chrono	False
17.62103	2.465982	0	0	0	0	0	chrono	False
17.64177	2.486731	0	0	0	0	0	chrono	False
17.67125	2.516207	0	0	0	0	0	chrono	False
17.69466	2.539616	0	0	0	0.2	0	chrono	False
17.71635	2.561312	0	0	0	0.25	0	chrono	False
17.74737	2.592333	0	0	0	0.6	-0.05	chrono	False
17.76949	2.614452	0	0	0	0.5	-0.1	chrono	False
17.80007	2.645027	0	0	0	0.4	0	chrono	False
17.81905	2.664005	0	0	0	0.15	0	chrono	False
17.83842	2.683378	0	0	0	0.3	0.1	chrono	False
17.86967	2.714624	0	0	0	0.25	0.15	chrono	False
17.89744	2.742399	0	0	0	0	0	chrono	False
17.92653	2.771484	0	0	0	0	0	chrono	False
17.94509	2.790052	0	0	0	0	0	chrono	False
17.96222	2.80718	0	0	0	0	0	chrono	False
17.99469	2.839645	0	0	0	0	0	chrono	False
18.01519	2.860151	0	0	0	0	0	chrono	False
18.03703	2.881987	0	0	0	0	0	chrono	False
18.0627	2.907658	0	0	0	0	0	chrono	False
18.08735	2.932308	0	0	0	0	0	chrono	False
18.11458	2.959538	0	0	0	0.35	-0.05	chrono	False
18.13769	2.982649	0	0	0	0.85	-0.45	chrono	False
18.16538	3.010336	0.055	0	-0.015	1.1	-0.3	PointingTarget	False
18.18738	3.032341	0.125	0	-0.045	1.4	-0.6	PointingTarget	False
18.21386	3.058819	0.185	0	-0.0775	1.2	-0.65	PointingTarget	False
18.2374	3.082357	0.21	0	-0.0975	0.5	-0.4	PointingTarget	False
18.2545	3.099459	0.2225	0	-0.11	0.25	-0.25	PointingTarget	False
18.28029	3.12525	0.2375	0	-0.1425	0.3	-0.65	PointingTarget	False
18.31221	3.157169	0.245	0	-0.1675	0.15	-0.5	PointingTarget	False
18.34211	3.187071	0.245	0	-0.1725	0	-0.1	PointingTarget	False
18.36409	3.209045	0.245	0	-0.1725	0	0	PointingTarget	False
18.3841	3.229053	0.245	0	-0.1725	0	0	PointingTarget	False
18.4058	3.250755	0.225	0	-0.1575	-0.4	0.3	PointingTarget	False
18.44219	3.287148	0.19	0	-0.15	-0.7	0.15	PointingTarget	False
18.46911	3.31407	0.1325	0	-0.1475	-1.15	0.05	PointingTarget	False
18.48819	3.333149	0.1125	0	-0.135	-0.4	0.25	PointingTarget	False
18.51218	3.357136	0.0575	0	-0.1025	-1.1	0.65	PointingTarget	False
18.53597	3.380928	0.002499998	0	-0.06000001	-1.1	0.85	PointingTarget	False
18.55889	3.403851	-0.015	0	-0.05	-0.35	0.2	PointingTarget	False
18.58818	3.433142	-0.015	0	-0.05	0	0	PointingTarget	False
18.61506	3.460018	-0.0175	0	-0.05	-0.05	0	PointingTarget	False
18.64221	3.487171	-0.02	0	-0.055	-0.05	-0.1	PointingTarget	False
18.6649	3.509861	-0.0225	0	-0.055	-0.05	0	PointingTarget	False
18.6862	3.53116	-0.0225	0	-0.055	0	0	PointingTarget	False
18.71701	3.561966	-0.01	0	-0.06500001	0.25	-0.2	PointingTarget	False
18.75487	3.599829	0.0325	0	-0.1025	0.85	-0.75	PointingTarget	False
18.76979	3.614752	0.0475	0	-0.115	0.3	-0.25	PointingTarget	False
18.78111	3.62607	0.0525	0	-0.1175	0.1	-0.05	PointingTarget	False
18.7953	3.640259	0.0525	0	-0.1175	0	0	PointingTarget	False
18.82668	3.671633	0.06	0	-0.1225	0.15	-0.1	PointingTarget	False
18.85853	3.703493	0.0675	0	-0.1275	0.15	-0.1	PointingTarget	False
18.89095	3.735909	0.08	0	-0.115	0.25	0.25	PointingTarget	False
18.91143	3.75639	0.08	0	-0.08250001	0	0.65	PointingTarget	False
18.93535	3.780306	0.08	0	-0.03	0	1.05	PointingTarget	False
18.97694	3.821901	0.0625	0	0.05749999	-0.35	1.75	PointingTarget	False
19.01141	3.856371	0.04	0	0.1125	-0.45	1.1	PointingTarget	False
19.03114	3.876097	0.0225	0	0.15	-0.35	0.75	PointingTarget	False
19.05418	3.899137	0.0125	0	0.1675	-0.2	0.35	PointingTarget	False
19.08215	3.927107	0.009999998	0	0.17	-0.05	0.05	PointingTarget	False
19.10621	3.951168	0.009999998	0	0.17	0	0	PointingTarget	False
19.12956	3.974516	0.009999998	0	0.17	0	0	PointingTarget	False
19.16193	4.006889	0.009999998	0	0.17	0	0	PointingTarget	False
19.17409	4.019047	0.009999998	0	0.17	0	0	PointingTarget	False
19.1989	4.043859	0.009999998	0	0.17	0	0	PointingTarget	False
19.22192	4.066881	0.009999998	0	0.17	0	0	PointingTarget	False
19.24831	4.093267	0.025	0	0.1475	0.3	-0.45	PointingTarget	False
19.26751	4.112469	0.0275	0	0.1425	0.05	-0.1	PointingTarget	False
19.28979	4.134743	0.0275	0	0.1425	0	0	PointingTarget	False
19.30573	4.150694	0.0275	0	0.1425	0	0	PointingTarget	False
19.32689	4.171852	0.0275	0	0.1425	0	0	PointingTarget	False
19.35347	4.198429	0.0275	0	0.1425	0	0	PointingTarget	False
19.3779	4.222855	0.0275	0	0.1425	0	0	PointingTarget	False
19.409	4.25396	0.0375	0	0.175	0.2	0.65	PointingTarget	False
19.43279	4.277746	0.045	0	0.21	0.15	0.7	PointingTarget	False
19.45462	4.299576	0.0575	0	0.2475	0.25	0.75	PointingTarget	False
19.48192	4.326874	0.07	0	0.27	0.25	0.45	PointingTarget	False
19.50945	4.354406	0.07	0	0.27	0	0	PointingTarget	False
19.53381	4.378763	0.07	0	0.27	0	0	PointingTarget	False
19.5505	4.395458	0.07	0	0.27	0	0	PointingTarget	False
19.56101	4.40597	0.07	0	0.27	0	0	PointingTarget	False
19.57544	4.420403	0.07	0	0.27	0	0	PointingTarget	False
19.60539	4.450352	0.07	0	0.27	0	0	PointingTarget	False
19.62687	4.471832	0.07	0	0.27	0	0	PointingTarget	False
19.65661	4.501572	0.07	0	0.2575	0	-0.25	PointingTarget	False
19.68307	4.528025	0.07	0	0.2575	0	0	PointingTarget	False
19.69665	4.541611	0.07	0	0.2575	0	0	PointingTarget	False
19.72029	4.565247	0.07	0	0.2575	0	0	PointingTarget	False
19.75175	4.596708	0.065	0	0.2475	-0.1	-0.2	PointingTarget	False
19.7773	4.622267	0.055	0	0.235	-0.2	-0.25	PointingTarget	False
19.80836	4.653322	0.05249999	0	0.2275	-0.05	-0.15	PointingTarget	False
19.82988	4.674843	0.04249999	0	0.2275	-0.2	0	PointingTarget	False
19.85491	4.699869	0.00999999	0	0.235	-0.65	0.15	PointingTarget	False
19.8813	4.726255	-0.02250001	0	0.2475	-0.65	0.25	PointingTarget	False
19.91366	4.758617	-0.03750001	0	0.25	-0.3	0.05	PointingTarget	False
19.93759	4.782545	-0.03750001	0	0.25	0	0	PointingTarget	False
19.96087	4.805828	-0.04250001	0	0.2575	-0.1	0.15	PointingTarget	False
19.97942	4.824375	-0.04750001	0	0.265	-0.1	0.15	PointingTarget	False
20.00533	4.850286	-0.05000001	0	0.2675	-0.05	0.05	PointingTarget	True
20.00547	4.850433	-0.05000001	0	0.2675	-0.05	0.05	PointingTarget	True
