Target_pos_z	0.2
Target_color	green
SessionTime	TrialTime	Cursor_posx	Cursor_posy	Cursor_posz	MouseX	MouseY	Phase	TargetAchieved
2.76239	5.245209E-06	0	0	0	3.85	-11.15	chrono	False
2.793098	0.03071046	0	0	0	0	0	chrono	False
2.800222	0.03783417	0	0	0	0	0	chrono	False
2.802857	0.04046917	0	0	0	0	0	chrono	False
2.804886	0.04249835	0	0	0	0	0	chrono	False
2.807106	0.04471803	0	0	0	0	0	chrono	False
2.809645	0.04725671	0	0	0	0	0	chrono	False
2.812088	0.04970002	0	0	0	0	0	chrono	False
2.814419	0.05203128	0	0	0	0	0	chrono	False
2.817046	0.05465746	0	0	0	0	0	chrono	False
2.819034	0.05664611	0	0	0	0	0	chrono	False
2.8207	0.0583117	0	0	0	0	0	chrono	False
2.822413	0.06002545	0	0	0	0	0	chrono	False
2.824671	0.06228328	0	0	0	0	0	chrono	False
2.826659	0.06427097	0	0	0	0	0	chrono	False
2.828372	0.06598425	0	0	0	0	0	chrono	False
2.830105	0.06771708	0	0	0	0	0	chrono	False
2.832243	0.06985521	0	0	0	0	0	chrono	False
2.834354	0.07196546	0	0	0	0	0	chrono	False
2.836547	0.07415867	0	0	0	0	0	chrono	False
2.838467	0.07607913	0	0	0	0	0	chrono	False
2.8407	0.07831168	0	0	0	0	0	chrono	False
2.843306	0.08091879	0	0	0	0	0	chrono	False
2.845489	0.08310056	0	0	0	0	0	chrono	False
2.847254	0.08486605	0	0	0	0	0	chrono	False
2.848964	0.08657551	0	0	0	0	0	chrono	False
2.850774	0.08838582	0	0	0	0	0	chrono	False
2.852704	0.09031606	0	0	0	0	0	chrono	False
2.854382	0.09199405	0	0	0	0	0	chrono	False
2.856452	0.09406352	0	0	0	0	0	chrono	False
2.858254	0.09586596	0	0	0	0	0	chrono	False
2.85997	0.09758186	0	0	0	0	0	chrono	False
2.861705	0.09931636	0	0	0	0	0	chrono	False
2.86344	0.1010523	0	0	0	0	0	chrono	False
2.865743	0.1033554	0	0	0	0	0	chrono	False
2.868137	0.1057489	0	0	0	0	0	chrono	False
2.869917	0.1075296	0	0	0	0	0	chrono	False
2.871917	0.1095295	0	0	0	0	0	chrono	False
2.874062	0.1116738	0	0	0	0	0	chrono	False
2.876405	0.1140172	0	0	0	0	0	chrono	False
2.878676	0.1162879	0	0	0	0	0	chrono	False
2.880491	0.118103	0	0	0	0	0	chrono	False
2.882163	0.1197753	0	0	0	0	0	chrono	False
2.883819	0.1214311	0	0	0	0	0	chrono	False
2.885494	0.1231065	0	0	0	0	0	chrono	False
2.887309	0.1249213	0	0	0	0	0	chrono	False
2.889154	0.126766	0	0	0	0	0	chrono	False
2.890974	0.1285861	0	0	0	0	0	chrono	False
2.892982	0.1305935	0	0	0	0	0	chrono	False
2.89479	0.1324022	0	0	0	0	0	chrono	False
2.896452	0.1340635	0	0	0	0	0	chrono	False
2.898202	0.1358135	0	0	0	0	0	chrono	False
2.900713	0.1383252	0	0	0	0	0	chrono	False
2.903699	0.1413112	0	0	0	0	0	chrono	False
2.905703	0.1433148	0	0	0	0	0	chrono	False
2.907765	0.1453769	0	0	0	0	0	chrono	False
2.91031	0.1479218	0	0	0	0	0	chrono	False
2.912072	0.1496854	0	0	0	0	0	chrono	False
2.914221	0.1518338	0	0	0	0	0	chrono	False
2.91666	0.1542718	0	0	0	0	0	chrono	False
2.918846	0.1564574	0	0	0	0	0	chrono	False
2.920514	0.1581254	0	0	0	0	0	chrono	False
2.922108	0.1597195	0	0	0	0	0	chrono	False
2.923653	0.1612644	0	0	0	0	0	chrono	False
2.925185	0.1627982	0	0	0	0	0	chrono	False
2.927227	0.1648388	0	0	0	0	0	chrono	False
2.928772	0.1663835	0	0	0	0	0	chrono	False
2.930866	0.1684775	0	0	0	0	0	chrono	False
2.933439	0.171052	0	0	0	0	0	chrono	False
2.935707	0.1733186	0	0	0	0	0	chrono	False
2.938015	0.1756275	0	0	0	0	0	chrono	False
2.940008	0.1776195	0	0	0	0	0	chrono	False
2.942195	0.1798069	0	0	0	0	0	chrono	False
2.944865	0.1824768	0	0	0	0	0	chrono	False
2.946964	0.184576	0	0	0	0	0	chrono	False
2.949139	0.1867509	0	0	0	0	0	chrono	False
2.950851	0.1884627	0	0	0	0	0	chrono	False
2.952823	0.1904354	0	0	0	0	0	chrono	False
2.954521	0.1921329	0	0	0	0	0	chrono	False
2.956182	0.1937943	0	0	0	0	0	chrono	False
2.95778	0.1953919	0	0	0	0	0	chrono	False
2.959337	0.1969485	0	0	0	0	0	chrono	False
2.960844	0.198456	0	0	0	0	0	chrono	False
2.962437	0.2000484	0	0	0	0	0	chrono	False
2.964215	0.201827	0	0	0	0	0	chrono	False
2.966337	0.2039487	0	0	0	0	0	chrono	False
2.968312	0.2059238	0	0	0	0	0	chrono	False
2.970477	0.2080889	0	0	0	0	0	chrono	False
2.972469	0.2100806	0	0	0	0	0	chrono	False
2.975228	0.2128394	0	0	0	-0.05	0	chrono	False
2.977807	0.2154193	0	0	0	0	0	chrono	False
2.979706	0.2173178	0	0	0	0	0	chrono	False
2.981698	0.21931	0	0	0	0	0	chrono	False
2.983459	0.2210705	0	0	0	0	0	chrono	False
2.989141	0.2267525	0	0	0	-0.05	0	chrono	False
2.990975	0.2285867	0	0	0	0	0	chrono	False
2.993099	0.2307107	0	0	0	0	0	chrono	False
2.995582	0.2331939	0	0	0	-0.05	0	chrono	False
2.997422	0.2350338	0	0	0	0	0	chrono	False
2.999187	0.236799	0	0	0	0	0	chrono	False
3.001684	0.2392962	0	0	0	0	0	chrono	False
3.004136	0.2417476	0	0	0	0	0	chrono	False
3.006414	0.2440255	0	0	0	-0.1	0	chrono	False
3.008353	0.2459643	0	0	0	0	0	chrono	False
3.010359	0.2479713	0	0	0	0	0	chrono	False
3.013346	0.2509582	0	0	0	0	0	chrono	False
3.016493	0.2541041	0	0	0	-0.1	0	chrono	False
3.018208	0.2558203	0	0	0	0	0	chrono	False
3.019923	0.2575347	0	0	0	0	0	chrono	False
3.021639	0.2592506	0	0	0	0	0	chrono	False
3.023303	0.2609146	0	0	0	0	0	chrono	False
3.025378	0.26299	0	0	0	-0.2	-0.1	chrono	False
3.027196	0.2648077	0	0	0	0	0	chrono	False
3.028827	0.2664392	0	0	0	0	0	chrono	False
3.030727	0.2683394	0	0	0	0	0	chrono	False
3.03364	0.2712517	0	0	0	0	0	chrono	False
3.03566	0.2732882	0	0	0	0	0	chrono	False
3.038225	0.2758362	0	0	0	-0.15	-0.05	chrono	False
3.040143	0.2777543	0	0	0	0	0	chrono	False
3.042363	0.2799752	0	0	0	0	0	chrono	False
3.045483	0.2830946	0	0	0	-0.3	-0.1	chrono	False
3.047519	0.2851307	0	0	0	0	0	chrono	False
3.049737	0.2873495	0	0	0	0	0	chrono	False
3.053519	0.2911315	0	0	0	-0.1	-0.05	chrono	False
3.056188	0.2938006	0	0	0	0	0	chrono	False
3.058197	0.2958088	0	0	0	0	0	chrono	False
3.059973	0.2975857	0	0	0	0	0	chrono	False
3.062274	0.2998853	0	0	0	-0.3	-0.1	chrono	False
3.064487	0.302099	0	0	0	0	0	chrono	False
3.06687	0.304482	0	0	0	0	0	chrono	False
3.069111	0.3067226	0	0	0	0	0	chrono	False
3.072483	0.3100944	0	0	0	-0.2	-0.1	chrono	False
3.074638	0.3122499	0	0	0	0	0	chrono	False
3.077567	0.3151791	0	0	0	0	0	chrono	False
3.080429	0.3180404	0	0	0	-0.2	-0.1	chrono	False
3.082293	0.3199043	0	0	0	0	0	chrono	False
3.083993	0.3216052	0	0	0	0	0	chrono	False
3.086081	0.323693	0	0	0	0	0	chrono	False
3.088587	0.3261986	0	0	0	0	0	chrono	False
3.091159	0.3287709	0	0	0	-0.3	-0.1	chrono	False
3.093345	0.3309574	0	0	0	0	0	chrono	False
3.095181	0.3327925	0	0	0	0	0	chrono	False
3.097216	0.3348274	0	0	0	0	0	chrono	False
3.099676	0.3372874	0	0	0	0	0	chrono	False
3.10186	0.3394725	0	0	0	0	0	chrono	False
3.103913	0.3415248	0	0	0	0	0	chrono	False
3.106901	0.3445132	0	0	0	-0.1	-0.1	chrono	False
3.109249	0.3468609	0	0	0	0	0	chrono	False
3.112268	0.3498795	0	0	0	-0.5	-0.2	chrono	False
3.114363	0.3519747	0	0	0	0	0	chrono	False
3.117312	0.354924	0	0	0	-0.1	0	chrono	False
3.119624	0.3572361	0	0	0	0	0	chrono	False
3.121822	0.3594341	0	0	0	0	0	chrono	False
3.123626	0.3612373	0	0	0	0	0	chrono	False
3.125705	0.363317	0	0	0	-0.35	-0.25	chrono	False
3.127277	0.3648889	0	0	0	0	0	chrono	False
3.128796	0.3664081	0	0	0	0	0	chrono	False
3.13057	0.3681824	0	0	0	0	0	chrono	False
3.133272	0.3708842	0	0	0	0	0	chrono	False
3.136024	0.373636	0	0	0	-0.1	-0.15	chrono	False
3.138489	0.376101	0	0	0	0	0	chrono	False
3.141547	0.3791592	0	0	0	-0.05	-0.1	chrono	False
3.144638	0.3822494	0	0	0	0	0	chrono	False
3.146965	0.384577	0	0	0	0	0	chrono	False
3.149102	0.386714	0	0	0	0	0	chrono	False
3.151471	0.3890827	0	0	0	-0.2	-0.2	chrono	False
3.161745	0.3993568	0	0	0	-0.15	-0.15	chrono	False
3.164238	0.4018507	0	0	0	0	0	chrono	False
3.167392	0.405004	0	0	0	0	0	chrono	False
3.170074	0.4076862	0	0	0	0	0	chrono	False
3.17245	0.4100614	0	0	0	-0.15	-0.1	chrono	False
3.175367	0.4129794	0	0	0	0	0	chrono	False
3.178047	0.4156594	0	0	0	0	0	chrono	False
3.181116	0.4187276	0	0	0	-0.1	-0.05	chrono	False
3.183169	0.4207804	0	0	0	0	0	chrono	False
3.185844	0.4234555	0	0	0	-0.1	-0.05	chrono	False
3.187572	0.4251838	0	0	0	0	0	chrono	False
3.18922	0.4268315	0	0	0	0	0	chrono	False
3.190994	0.428606	0	0	0	0	0	chrono	False
3.19356	0.4311726	0	0	0	0	0	chrono	False
3.195864	0.4334762	0	0	0	0	0	chrono	False
3.197875	0.435487	0	0	0	0	0	chrono	False
3.200504	0.4381163	0	0	0	0	0	chrono	False
3.20346	0.4410713	0	0	0	0	-0.05	chrono	False
3.205573	0.4431851	0	0	0	0	0	chrono	False
3.207669	0.4452815	0	0	0	0	0	chrono	False
3.210736	0.4483478	0	0	0	0	0	chrono	False
3.212798	0.4504101	0	0	0	0	0	chrono	False
3.216089	0.4537008	0	0	0	-0.05	0	chrono	False
3.21792	0.4555316	0	0	0	0	0	chrono	False
3.219849	0.4574611	0	0	0	0	0	chrono	False
3.221591	0.4592032	0	0	0	0	0	chrono	False
3.223554	0.4611661	0	0	0	0	0	chrono	False
3.225127	0.462739	0	0	0	0	0	chrono	False
3.226689	0.4643009	0	0	0	0	0	chrono	False
3.228182	0.4657936	0	0	0	0	0	chrono	False
3.229828	0.4674404	0	0	0	0	0	chrono	False
3.232768	0.4703798	0	0	0	0	0	chrono	False
3.234742	0.4723539	0	0	0	0	0	chrono	False
3.236765	0.4743776	0	0	0	0	0	chrono	False
3.238718	0.47633	0	0	0	0	0	chrono	False
3.241346	0.4789591	0	0	0	0	0	chrono	False
3.245123	0.4827354	0	0	0	0	0	chrono	False
3.247966	0.4855783	0	0	0	0	0.05	chrono	False
3.250846	0.4884586	0	0	0	0	0	chrono	False
3.253416	0.4910297	0	0	0	0	0	chrono	False
3.256579	0.4941914	0	0	0	0	0	chrono	False
3.259352	0.4969647	0	0	0	0	0	chrono	False
3.262307	0.4999206	0	0	0	0	0.05	chrono	False
3.265424	0.5030367	0	0	0	0	0	chrono	False
3.268551	0.5061631	0	0	0	0	0	chrono	False
3.271472	0.5090849	0	0	0	0	0	chrono	False
3.274568	0.5121803	0	0	0	0	0	chrono	False
3.277231	0.5148437	0	0	0	0	0.05	chrono	False
3.280313	0.5179253	0	0	0	0	0	chrono	False
3.282375	0.5199869	0	0	0	0	0	chrono	False
3.284703	0.5223153	0	0	0	0	0	chrono	False
3.287822	0.5254343	0	0	0	0	0	chrono	False
3.290548	0.5281601	0	0	0	0	0	chrono	False
3.292712	0.5303249	0	0	0	0	0	chrono	False
3.294901	0.5325129	0	0	0	0	0	chrono	False
3.297611	0.535223	0	0	0	0	0.1	chrono	False
3.300431	0.538043	0	0	0	0	0	chrono	False
3.303578	0.5411906	0	0	0	-0.05	0.2	chrono	False
3.305875	0.5434873	0	0	0	0	0	chrono	False
3.308322	0.5459337	0	0	0	0	0.2	chrono	False
3.311099	0.5487123	0	0	0	0	0	chrono	False
3.313798	0.5514112	0	0	0	0	0	chrono	False
3.315811	0.5534229	0	0	0	0	0	chrono	False
3.318474	0.5560901	0	0	0	0	0.3	chrono	False
3.321063	0.5586746	0	0	0	0	0.1	chrono	False
3.323065	0.5606763	0	0	0	0	0	chrono	False
3.325118	0.5627301	0	0	0	0	0	chrono	False
3.327181	0.5647926	0	0	0	0	0	chrono	False
3.328945	0.5665569	0	0	0	0	0	chrono	False
3.331527	0.5691385	0	0	0	0	0	chrono	False
3.334512	0.5721242	0	0	0	-0.05	0.6	chrono	False
3.337302	0.5749137	0	0	0	0	0	chrono	False
3.339183	0.5767951	0	0	0	0	0	chrono	False
3.341348	0.5789604	0	0	0	0	0	chrono	False
3.344003	0.5816152	0	0	0	-0.05	0.25	chrono	False
3.345701	0.5833125	0	0	0	0	0	chrono	False
3.347409	0.5850213	0	0	0	0	0	chrono	False
3.349185	0.5867963	0	0	0	0	0	chrono	False
3.350893	0.5885048	0	0	0	0	0	chrono	False
3.35321	0.5908215	0	0	0	-0.05	0.55	chrono	False
3.355088	0.5926995	0	0	0	0	0	chrono	False
3.356957	0.5945699	0	0	0	0	0	chrono	False
3.359228	0.5968404	0	0	0	0	0	chrono	False
3.360993	0.5986044	0	0	0	0	0	chrono	False
3.362649	0.6002607	0	0	0	0	0	chrono	False
3.366015	0.603627	0	0	0	-0.05	0.45	chrono	False
3.368712	0.6063235	0	0	0	0	0.25	chrono	False
3.371005	0.6086173	0	0	0	0	0	chrono	False
3.37313	0.6107421	0	0	0	0	0	chrono	False
3.375573	0.6131854	0	0	0	0	0	chrono	False
3.378323	0.6159341	0	0	0	0	0.75	chrono	False
3.38037	0.6179821	0	0	0	0	0	chrono	False
3.3822	0.6198123	0	0	0	0	0	chrono	False
3.384555	0.6221666	0	0	0	0	0	chrono	False
3.386625	0.6242371	0	0	0	0	0.45	chrono	False
3.388808	0.6264195	0	0	0	0	0	chrono	False
3.390424	0.6280363	0	0	0	0	0	chrono	False
3.392272	0.6298838	0	0	0	0	0	chrono	False
3.393943	0.6315548	0	0	0	0	0	chrono	False
3.39592	0.633533	0	0	0	0	0	chrono	False
3.399796	0.637409	0	0	0	0	0.65	chrono	False
3.402315	0.6399274	0	0	0	0	0	chrono	False
3.404308	0.6419206	0	0	0	0	0	chrono	False
3.406144	0.6437566	0	0	0	0	0	chrono	False
3.412678	0.6502898	0	0	0	0	0.3	chrono	False
3.415955	0.6535666	0	0	0	0	0.1	chrono	False
3.418207	0.6558187	0	0	0	0	0	chrono	False
3.420029	0.6576409	0	0	0	0	0	chrono	False
3.421762	0.6593735	0	0	0	0	0	chrono	False
3.424064	0.6616762	0	0	0	0	0.1	chrono	False
3.425792	0.663404	0	0	0	0	0	chrono	False
3.427848	0.6654627	0	0	0	0	0	chrono	False
3.42967	0.6672821	0	0	0	0	0	chrono	False
3.432052	0.6696641	0	0	0	0	0	chrono	False
3.43513	0.6727419	0	0	0	0	0.05	chrono	False
3.437213	0.6748252	0	0	0	0	0	chrono	False
3.439157	0.676769	0	0	0	0	0	chrono	False
3.441648	0.6792598	0	0	0	0	0	chrono	False
3.444086	0.6816981	0	0	0	0	0	chrono	False
3.445877	0.6834888	0	0	0	0	0	chrono	False
3.44773	0.6853423	0	0	0	0	0	chrono	False
3.449614	0.6872256	0	0	0	0	0	chrono	False
3.451451	0.6890633	0	0	0	0	0	chrono	False
3.453497	0.6911087	0	0	0	0	0	chrono	False
3.455869	0.6934812	0	0	0	0	0	chrono	False
3.457553	0.6951654	0	0	0	0	0	chrono	False
3.459357	0.6969693	0	0	0	0	0	chrono	False
3.461102	0.6987143	0	0	0	0	0	chrono	False
3.462651	0.7002623	0	0	0	0	0	chrono	False
3.464784	0.7023964	0	0	0	0	0	chrono	False
3.467215	0.7048273	0	0	0	0	0	chrono	False
3.47003	0.7076421	0	0	0	0	0	chrono	False
3.472046	0.7096579	0	0	0	0	0	chrono	False
3.474284	0.7118957	0	0	0	0	0	chrono	False
3.47676	0.7143719	0	0	0	0	0	chrono	False
3.478599	0.7162108	0	0	0	0	0	chrono	False
3.480361	0.7179728	0	0	0	0	0	chrono	False
3.482173	0.7197852	0	0	0	0	0	chrono	False
3.48394	0.7215514	0	0	0	0	0	chrono	False
3.485731	0.7233429	0	0	0	0	0	chrono	False
3.487422	0.7250335	0	0	0	0	0	chrono	False
3.48906	0.7266719	0	0	0	0	0	chrono	False
3.490852	0.7284641	0	0	0	0	0	chrono	False
3.492895	0.7305076	0	0	0	0	0	chrono	False
3.494671	0.7322831	0	0	0	0	0	chrono	False
3.496453	0.7340646	0	0	0	0	0	chrono	False
3.49922	0.7368324	0	0	0	0	0	chrono	False
3.501518	0.7391312	0	0	0	0	0	chrono	False
3.503633	0.7412448	0	0	0	0	0	chrono	False
3.50556	0.7431724	0	0	0	0	0	chrono	False
3.507633	0.7452455	0	0	0	0	0	chrono	False
3.510211	0.7478235	0	0	0	0	0	chrono	False
3.512864	0.7504761	0	0	0	0	0	chrono	False
3.515071	0.7526827	0	0	0	0	0	chrono	False
3.517002	0.7546136	0	0	0	0	0	chrono	False
3.518788	0.7563996	0	0	0	0	0	chrono	False
3.520581	0.7581925	0	0	0	0	0	chrono	False
3.522514	0.7601254	0	0	0	0	0	chrono	False
3.52409	0.7617028	0	0	0	0	0	chrono	False
3.525658	0.7632701	0	0	0	0	0	chrono	False
3.527489	0.7651007	0	0	0	0	0	chrono	False
3.529163	0.7667749	0	0	0	0	0	chrono	False
3.531315	0.7689273	0	0	0	0	0	chrono	False
3.53398	0.7715921	0	0	0	0	0	chrono	False
3.536438	0.7740505	0	0	0	0	0	chrono	False
3.539161	0.776773	0	0	0	0	0	chrono	False
3.540998	0.77861	0	0	0	0	0	chrono	False
3.543584	0.7811959	0	0	0	0	0	chrono	False
3.54578	0.7833931	0	0	0	0	0	chrono	False
3.548359	0.7859719	0	0	0	0	0	chrono	False
3.551179	0.7887914	0	0	0	0	0	chrono	False
3.554394	0.7920072	0	0	0	0	0	chrono	False
3.557235	0.7948475	0	0	0	0	0	chrono	False
3.560085	0.7976971	0	0	0	0	0	chrono	False
3.562978	0.8005912	0	0	0	0	0	chrono	False
3.566907	0.8045197	0	0	0	0	0	chrono	False
3.57059	0.8082023	0	0	0	0	0	chrono	False
3.574242	0.8118541	0	0	0	0	0	chrono	False
3.576963	0.8145757	0	0	0	0	0	chrono	False
3.579868	0.8174803	0	0	0	0	0	chrono	False
3.582699	0.820312	0	0	0	0	0	chrono	False
3.58552	0.8231323	0	0	0	0	0	chrono	False
3.588245	0.8258579	0	0	0	0	0	chrono	False
3.590735	0.8283474	0	0	0	0	0	chrono	False
3.592979	0.8305912	0	0	0	0	0	chrono	False
3.595053	0.832665	0	0	0	0	0	chrono	False
3.597854	0.8354659	0	0	0	0	0	chrono	False
3.600492	0.8381042	0	0	0	0	0	chrono	False
3.602641	0.8402529	0	0	0	0	0	chrono	False
3.604485	0.8420973	0	0	0	0	0	chrono	False
3.606324	0.8439369	0	0	0	0	0	chrono	False
3.609343	0.8469558	0	0	0	0	0	chrono	False
3.611626	0.8492374	0	0	0	0	0	chrono	False
3.613347	0.8509593	0	0	0	0	0	chrono	False
3.615289	0.8529005	0	0	0	0	0	chrono	False
3.616906	0.8545175	0	0	0	0	0	chrono	False
3.618541	0.8561523	0	0	0	0	0	chrono	False
3.620274	0.8578858	0	0	0	0	0	chrono	False
3.621941	0.8595526	0	0	0	0	0	chrono	False
3.623496	0.8611073	0	0	0	0	0	chrono	False
3.625164	0.8627758	0	0	0	0	0	chrono	False
3.626641	0.8642528	0	0	0	0	0	chrono	False
3.628128	0.8657396	0	0	0	0	0	chrono	False
3.629664	0.8672762	0	0	0	0	0	chrono	False
3.631662	0.8692749	0	0	0	0	0	chrono	False
3.633964	0.8715758	0	0	0	0	0	chrono	False
3.635778	0.8733902	0	0	0	0	0	chrono	False
3.637473	0.8750844	0	0	0	0	0	chrono	False
3.639154	0.8767657	0	0	0	0	0	chrono	False
3.641265	0.8788764	0	0	0	0	0	chrono	False
3.643313	0.8809245	0	0	0	0	0	chrono	False
3.645061	0.882673	0	0	0	0	0	chrono	False
3.646702	0.8843138	0	0	0	0	0	chrono	False
3.648273	0.8858852	0	0	0	0	0	chrono	False
3.649845	0.8874564	0	0	0	0	0	chrono	False
3.651349	0.8889608	0	0	0	0	0	chrono	False
3.652996	0.8906081	0	0	0	0	0	chrono	False
3.655851	0.8934627	0	0	0	0	0	chrono	False
3.657506	0.8951175	0	0	0	0	0	chrono	False
3.659809	0.8974204	0	0	0	0	0	chrono	False
3.661491	0.8991027	0	0	0	0	0	chrono	False
3.663003	0.900615	0	0	0	0	0	chrono	False
3.668849	0.9064605	0	0	0	0	0	chrono	False
3.670554	0.9081659	0	0	0	0	0	chrono	False
3.672387	0.9099991	0	0	0	0	0	chrono	False
3.674826	0.9124374	0	0	0	0	0	chrono	False
3.676546	0.9141574	0	0	0	0	0	chrono	False
3.678113	0.9157252	0	0	0	0	0	chrono	False
3.679655	0.9172666	0	0	0	0	0	chrono	False
3.681562	0.9191735	0	0	0	0	-0.05	chrono	False
3.68312	0.920732	0	0	0	0	0	chrono	False
3.685028	0.9226398	0	0	0	-0.05	-0.05	chrono	False
3.686558	0.9241703	0	0	0	0	0	chrono	False
3.688016	0.9256277	0	0	0	0	0	chrono	False
3.689425	0.9270363	0	0	0	0	0	chrono	False
3.690876	0.9284875	0	0	0	0	0	chrono	False
3.692431	0.9300427	0	0	0	0	0	chrono	False
3.694059	0.9316714	0	0	0	0	0	chrono	False
3.69589	0.933502	0	0	0	-0.05	-0.15	chrono	False
3.697985	0.9355969	0	0	0	0	0	chrono	False
3.700478	0.9380894	0	0	0	0	0	chrono	False
3.702523	0.9401348	0	0	0	0	0	chrono	False
3.704736	0.9423475	0	0	0	-0.05	-0.2	chrono	False
3.706419	0.9440312	0	0	0	0	0	chrono	False
3.708696	0.9463077	0	0	0	0	0	chrono	False
3.710699	0.9483111	0	0	0	0	0	chrono	False
3.712378	0.9499903	0	0	0	0	0	chrono	False
3.714944	0.9525561	0	0	0	0	-0.25	chrono	False
3.716559	0.9541707	0	0	0	0	0	chrono	False
3.718082	0.9556937	0	0	0	0	0	chrono	False
3.7196	0.9572117	0	0	0	0	0	chrono	False
3.721418	0.9590302	0	0	0	0	-0.05	chrono	False
3.722888	0.9604998	0	0	0	0	0	chrono	False
3.724623	0.962235	0	0	0	0	0	chrono	False
3.726117	0.9637289	0	0	0	0	0	chrono	False
3.727589	0.9652004	0	0	0	0	0	chrono	False
3.729108	0.9667196	0	0	0	0	0	chrono	False
3.730955	0.9685664	0	0	0	0	-0.2	chrono	False
3.733304	0.970916	0	0	0	0	0	chrono	False
3.735136	0.972748	0	0	0	0	0	chrono	False
3.736915	0.9745266	0	0	0	0	0	chrono	False
3.738523	0.976135	0	0	0	0	0	chrono	False
3.740992	0.9786034	0	0	0	-0.05	-0.15	chrono	False
3.743062	0.9806745	0	0	0	0	0	chrono	False
3.744626	0.9822378	0	0	0	0	0	chrono	False
3.746209	0.9838212	0	0	0	0	0	chrono	False
3.747971	0.9855826	0	0	0	0	0	chrono	False
3.749474	0.9870853	0	0	0	0	0	chrono	False
3.751281	0.9888926	0	0	0	0	-0.05	chrono	False
3.753069	0.9906812	0	0	0	0	0	chrono	False
3.754698	0.9923093	0	0	0	0	0	chrono	False
3.756728	0.9943395	0	0	0	0	0	chrono	False
3.758365	0.9959769	0	0	0	0	0	chrono	False
3.759912	0.9975238	0	0	0	0	0	chrono	False
3.761722	0.9993336	0	0	0	0	-0.1	chrono	False
3.763221	1.000833	0	0	0	0	0	chrono	False
3.765465	1.003077	0	0	0	0	-0.05	chrono	False
3.767287	1.004899	0	0	0	0	0	chrono	False
3.769022	1.006634	0	0	0	0	0	chrono	False
3.770859	1.008471	0	0	0	0	0	chrono	False
3.772476	1.010088	0	0	0	0	0	chrono	False
3.775233	1.012844	0	0	0	0	-0.1	chrono	False
3.777085	1.014697	0	0	0	0	0	chrono	False
3.778635	1.016247	0	0	0	0	0	chrono	False
3.78024	1.017852	0	0	0	0	0	chrono	False
3.781848	1.019459	0	0	0	0	0	chrono	False
3.783441	1.021053	0	0	0	0	0	chrono	False
3.785312	1.022923	0	0	0	0	-0.1	chrono	False
3.787025	1.024637	0	0	0	0	0	chrono	False
3.789221	1.026833	0	0	0	0	0	chrono	False
3.790807	1.028419	0	0	0	0	0	chrono	False
3.792276	1.029888	0	0	0	0	0	chrono	False
3.79386	1.031472	0	0	0	0	0	chrono	False
3.795647	1.033259	0	0	0	0	-0.15	chrono	False
3.797802	1.035414	0	0	0	0	0	chrono	False
3.800328	1.037939	0	0	0	0	0	chrono	False
3.802383	1.039995	0	0	0	0	0	chrono	False
3.804097	1.041709	0	0	0	0	0	chrono	False
3.805689	1.043301	0	0	0	0	0	chrono	False
3.808291	1.045902	0	0	0	-0.05	-0.1	chrono	False
3.810514	1.048126	0	0	0	0	-0.05	chrono	False
3.812217	1.049829	0	0	0	0	0	chrono	False
3.814388	1.052	0	0	0	0	0	chrono	False
3.816094	1.053706	0	0	0	0	0	chrono	False
3.817742	1.055354	0	0	0	0	0	chrono	False
3.819369	1.056981	0	0	0	0	0	chrono	False
3.821201	1.058812	0	0	0	0	-0.1	chrono	False
3.822719	1.060331	0	0	0	0	0	chrono	False
3.824148	1.061759	0	0	0	0	0	chrono	False
3.825582	1.063193	0	0	0	0	0	chrono	False
3.827045	1.064657	0	0	0	0	0	chrono	False
3.82846	1.066071	0	0	0	0	0	chrono	False
3.829885	1.067496	0	0	0	0	0	chrono	False
3.831861	1.069474	0	0	0	0	0	chrono	False
3.834233	1.071845	0	0	0	0	0	chrono	False
3.836586	1.074197	0	0	0	0	-0.1	chrono	False
3.838407	1.076018	0	0	0	0	0	chrono	False
3.84045	1.078062	0	0	0	0	0	chrono	False
3.843015	1.080627	0	0	0	-0.05	-0.05	chrono	False
3.844638	1.08225	0	0	0	0	0	chrono	False
3.846217	1.083829	0	0	0	0	0	chrono	False
3.848083	1.085695	0	0	0	0	0	chrono	False
3.849683	1.087295	0	0	0	0	0	chrono	False
3.851177	1.088789	0	0	0	0	0	chrono	False
3.852938	1.09055	0	0	0	0	0	chrono	False
3.854561	1.092173	0	0	0	0	0	chrono	False
3.856118	1.09373	0	0	0	0	0	chrono	False
3.857666	1.095277	0	0	0	0	0	chrono	False
3.859203	1.096815	0	0	0	0	0	chrono	False
3.86074	1.098351	0	0	0	0	0	chrono	False
3.862183	1.099795	0	0	0	0	0	chrono	False
3.863808	1.10142	0	0	0	0	0	chrono	False
3.865808	1.10342	0	0	0	0	0	chrono	False
3.867576	1.105188	0	0	0	0	0	chrono	False
3.869423	1.107035	0	0	0	0	0	chrono	False
3.871079	1.108691	0	0	0	0	0	chrono	False
3.872862	1.110474	0	0	0	0	0	chrono	False
3.875309	1.112921	0	0	0	0	0	chrono	False
3.877133	1.114746	0	0	0	0	0	chrono	False
3.878811	1.116423	0	0	0	0	0	chrono	False
3.880366	1.117979	0	0	0	0	0	chrono	False
3.881876	1.119488	0	0	0	0	0	chrono	False
3.883506	1.121118	0	0	0	0	0	chrono	False
3.885116	1.122728	0	0	0	0	0	chrono	False
3.886721	1.124333	0	0	0	0	0	chrono	False
3.888158	1.12577	0	0	0	0	0	chrono	False
3.889573	1.127185	0	0	0	0	0	chrono	False
3.891057	1.128668	0	0	0	0	0	chrono	False
3.89249	1.130102	0	0	0	0	0	chrono	False
3.894154	1.131766	0	0	0	0	0	chrono	False
3.895689	1.133301	0	0	0	0	0	chrono	False
3.897256	1.134868	0	0	0	0	0	chrono	False
3.899668	1.13728	0	0	0	0	0	chrono	False
3.901752	1.139363	0	0	0	0	0	chrono	False
3.903524	1.141136	0	0	0	0	0	chrono	False
3.9051	1.142712	0	0	0	0	0	chrono	False
3.907043	1.144655	0	0	0	0	0	chrono	False
3.909323	1.146935	0	0	0	0	0	chrono	False
3.910993	1.148605	0	0	0	0	0	chrono	False
3.912832	1.150444	0	0	0	0	0	chrono	False
3.914474	1.152086	0	0	0	0	0	chrono	False
3.916009	1.15362	0	0	0	0	0	chrono	False
3.917593	1.155205	0	0	0	0	0	chrono	False
3.919182	1.156793	0	0	0	0	0	chrono	False
3.920816	1.158427	0	0	0	0	0	chrono	False
3.922437	1.160049	0	0	0	0	0	chrono	False
3.924036	1.161648	0	0	0	0	0	chrono	False
3.925654	1.163265	0	0	0	0	0	chrono	False
3.927114	1.164726	0	0	0	0	0	chrono	False
3.928536	1.166148	0	0	0	0	0	chrono	False
3.93002	1.167632	0	0	0	0	0	chrono	False
3.931981	1.169593	0	0	0	0	0	chrono	False
3.933917	1.171531	0	0	0	0	0	chrono	False
3.935879	1.173491	0	0	0	0	0	chrono	False
3.93755	1.175162	0	0	0	0	0	chrono	False
3.939215	1.176826	0	0	0	0	0	chrono	False
3.941437	1.179049	0	0	0	0	0	chrono	False
3.943262	1.180874	0	0	0	0	0	chrono	False
3.944762	1.182374	0	0	0	0	0	chrono	False
3.946236	1.183848	0	0	0	0	0	chrono	False
3.947773	1.185385	0	0	0	0	0	chrono	False
3.949549	1.187161	0	0	0	0	0	chrono	False
3.958408	1.19602	0	0	0	0	0	chrono	False
3.960232	1.197843	0	0	0	0	0	chrono	False
3.962082	1.199693	0	0	0	0	0	chrono	False
3.964262	1.201874	0	0	0	0	0	chrono	False
3.96712	1.204731	0	0	0	0	0	chrono	False
3.969105	1.206717	0	0	0	0	0	chrono	False
3.971095	1.208707	0	0	0	0	0	chrono	False
3.973247	1.210859	0	0	0	0	0	chrono	False
3.97512	1.212732	0	0	0	0	0	chrono	False
3.977406	1.215017	0	0	0	0	0	chrono	False
3.988436	1.226048	0	0	0	0	0	chrono	False
3.990339	1.227951	0	0	0	0	0	chrono	False
3.992063	1.229675	0	0	0	0	0	chrono	False
3.993748	1.23136	0	0	0	0	0	chrono	False
3.995303	1.232914	0	0	0	0	0	chrono	False
3.997674	1.235286	0	0	0	0	0	chrono	False
4.00078	1.238391	0	0	0	0	0	chrono	False
4.003192	1.240804	0	0	0	0	0	chrono	False
4.005117	1.242729	0	0	0	0	0	chrono	False
4.006904	1.244516	0	0	0	0	0	chrono	False
4.009279	1.246892	0	0	0	0	0	chrono	False
4.01112	1.248732	0	0	0	0	0	chrono	False
4.01298	1.250592	0	0	0	0	0	chrono	False
4.01512	1.252732	0	0	0	0	0	chrono	False
4.017218	1.254829	0	0	0	0	0	chrono	False
4.018958	1.256569	0	0	0	0	0	chrono	False
4.020653	1.258266	0	0	0	0	0	chrono	False
4.022401	1.260013	0	0	0	0	0	chrono	False
4.024046	1.261658	0	0	0	0	0	chrono	False
4.025529	1.263141	0	0	0	0	0	chrono	False
4.026993	1.264605	0	0	0	0	0	chrono	False
4.028446	1.266057	0	0	0	0	0	chrono	False
4.029982	1.267594	0	0	0	0	0	chrono	False
4.032169	1.269781	0	0	0	0	0	chrono	False
4.03424	1.271852	0	0	0	0	0	chrono	False
4.036241	1.273853	0	0	0	0	0	chrono	False
4.038033	1.275645	0	0	0	0	0	chrono	False
4.03968	1.277292	0	0	0	0	0	chrono	False
4.042005	1.279617	0	0	0	0	0	chrono	False
4.043872	1.281484	0	0	0	0	0	chrono	False
4.045465	1.283076	0	0	0	0	0	chrono	False
4.047248	1.28486	0	0	0	0	0	chrono	False
4.049151	1.286763	0	0	0	0	0	chrono	False
4.050759	1.288371	0	0	0	0	0	chrono	False
4.052415	1.290027	0	0	0	0	0	chrono	False
4.054295	1.291908	0	0	0	0	0	chrono	False
4.055897	1.293509	0	0	0	0	0	chrono	False
4.057474	1.295086	0	0	0	0	0	chrono	False
4.058909	1.296521	0	0	0	0	0	chrono	False
4.060427	1.298038	0	0	0	0	0	chrono	False
4.06197	1.299582	0	0	0	0	0	chrono	False
4.063745	1.301357	0	0	0	0	0	chrono	False
4.065752	1.303363	0	0	0	0	0	chrono	False
4.06766	1.305272	0	0	0	0	0	chrono	False
4.069655	1.307268	0	0	0	0	0	chrono	False
4.071338	1.30895	0	0	0	0	0	chrono	False
4.073066	1.310678	0	0	0	0	0	chrono	False
4.075333	1.312944	0	0	0	0	0	chrono	False
4.077084	1.314695	0	0	0	0	0	chrono	False
4.078815	1.316426	0	0	0	0	0	chrono	False
4.080514	1.318126	0	0	0	0	0	chrono	False
4.082117	1.319729	0	0	0	0	0	chrono	False
4.08375	1.321362	0	0	0	0	0	chrono	False
4.085501	1.323112	0	0	0	0	0	chrono	False
4.087224	1.324836	0	0	0	0	0	chrono	False
4.094128	1.33174	0	0	0	0	0	chrono	False
4.09588	1.333492	0	0	0	0	0	chrono	False
4.097849	1.335461	0	0	0	0	0	chrono	False
4.100183	1.337795	0	0	0	0	0	chrono	False
4.102323	1.339934	0	0	0	0	0	chrono	False
4.10419	1.341802	0	0	0	0	0	chrono	False
4.105866	1.343478	0	0	0	0	0	chrono	False
4.107608	1.34522	0	0	0	0	0	chrono	False
4.110234	1.347846	0	0	0	0	0	chrono	False
4.112073	1.349685	0	0	0	0	0	chrono	False
4.114141	1.351754	0	0	0	0	0	chrono	False
4.115942	1.353554	0	0	0	0	0	chrono	False
4.117444	1.355056	0	0	0	0	0	chrono	False
4.11894	1.356552	0	0	0	0	0	chrono	False
4.120401	1.358013	0	0	0	0	0	chrono	False
4.121947	1.359559	0	0	0	0	0	chrono	False
4.12366	1.361271	0	0	0	0	0	chrono	False
4.125257	1.362868	0	0	0	0	0	chrono	False
4.126774	1.364386	0	0	0	0	0	chrono	False
4.128254	1.365865	0	0	0	0	0	chrono	False
4.129673	1.367285	0	0	0	0	0	chrono	False
4.131548	1.36916	0	0	0	0	0	chrono	False
4.135685	1.373297	0	0	0	0	0.05	chrono	False
4.137727	1.375339	0	0	0	0	0	chrono	False
4.139801	1.377412	0	0	0	0	0	chrono	False
4.142238	1.379849	0	0	0	0	0	chrono	False
4.143972	1.381584	0	0	0	0	0	chrono	False
4.145526	1.383138	0	0	0	0	0	chrono	False
4.147202	1.384814	0	0	0	0	0	chrono	False
4.148846	1.386458	0	0	0	0	0	chrono	False
4.150359	1.387971	0	0	0	0	0	chrono	False
4.151847	1.389459	0	0	0	0	0	chrono	False
4.153802	1.391414	0	0	0	0	0	chrono	False
4.155844	1.393456	0	0	0	0	0	chrono	False
4.157651	1.395263	0	0	0	0	0	chrono	False
4.159243	1.396855	0	0	0	0	0	chrono	False
4.160829	1.398441	0	0	0	0	0	chrono	False
4.162438	1.40005	0	0	0	0	0	chrono	False
4.164403	1.402015	0	0	0	0	0	chrono	False
4.166446	1.404058	0	0	0	0	0	chrono	False
4.168286	1.405898	0	0	0	0	0	chrono	False
4.170104	1.407716	0	0	0	0	0	chrono	False
4.171781	1.409392	0	0	0	0	0	chrono	False
4.173882	1.411494	0	0	0	0	0	chrono	False
4.176469	1.414081	0	0	0	0	0	chrono	False
4.178332	1.415944	0	0	0	0	0	chrono	False
4.18004	1.417652	0	0	0	0	0	chrono	False
4.181794	1.419406	0	0	0	0	0	chrono	False
4.183607	1.421222	0	0	0	0	0	chrono	False
4.185307	1.422919	0	0	0	0	0	chrono	False
4.187174	1.424786	0	0	0	0	0	chrono	False
4.18867	1.426281	0	0	0	0	0	chrono	False
4.19008	1.427691	0	0	0	0	0	chrono	False
4.191484	1.429096	0	0	0	0	0	chrono	False
4.193398	1.43101	0	0	0	0	0	chrono	False
4.196512	1.434124	0	0	0	0	0	chrono	False
4.198371	1.435983	0	0	0	0	0	chrono	False
4.203053	1.440664	0	0	0	0	0	chrono	False
4.205333	1.442945	0	0	0	0	0	chrono	False
4.207042	1.444654	0	0	0	0	0	chrono	False
4.209347	1.446959	0	0	0	0	0	chrono	False
4.211437	1.449049	0	0	0	0	0	chrono	False
4.213418	1.451029	0	0	0	0	0	chrono	False
4.215234	1.452846	0	0	0	0	0	chrono	False
4.217121	1.454732	0	0	0	0	0	chrono	False
4.218922	1.456534	0	0	0	0	0	chrono	False
4.220559	1.458171	0	0	0	0	0	chrono	False
4.222198	1.45981	0	0	0	0	0	chrono	False
4.223749	1.461361	0	0	0	0	0	chrono	False
4.225266	1.462877	0	0	0	0	0	chrono	False
4.226714	1.464326	0	0	0	0	0	chrono	False
4.228176	1.465788	0	0	0	0	0	chrono	False
4.229617	1.467229	0	0	0	0	0	chrono	False
4.231571	1.469184	0	0	0	0	0	chrono	False
4.2344	1.472012	0	0	0	0	0	chrono	False
4.236546	1.474158	0	0	0	0	0	chrono	False
4.23861	1.476222	0	0	0	0	0	chrono	False
4.240424	1.478035	0	0	0	0	0	chrono	False
4.242429	1.480042	0	0	0	0	0	chrono	False
4.244903	1.482515	0	0	0	0	0	chrono	False
4.24737	1.484983	0	0	0	0	0	chrono	False
4.24932	1.486932	0	0	0	0	0	chrono	False
4.251052	1.48868	0	0	0	0	0	chrono	False
4.252867	1.490479	0	0	0	0	0	chrono	False
4.254617	1.492229	0	0	0	0	0	chrono	False
4.256335	1.493947	0	0	0	0	0	chrono	False
4.257942	1.495553	0	0	0	0	0	chrono	False
4.259511	1.497123	0	0	0	0	0	chrono	False
4.261166	1.498777	0	0	0	0	0	chrono	False
4.262794	1.500406	0	0	0	0	0	chrono	False
4.265578	1.503191	0	0	0	0	0	chrono	False
4.268005	1.505617	0	0	0	0	0	chrono	False
4.270516	1.508127	0	0	0	0	0	chrono	False
4.273112	1.510725	0	0	0	0	0	chrono	False
4.2757	1.513312	0	0	0	0	0	chrono	False
4.279071	1.516684	0	0	0	0	0	chrono	False
4.281489	1.519101	0	0	0	0	0	chrono	False
4.283174	1.520786	0	0	0	0	0	chrono	False
4.284768	1.522379	0	0	0	0	0	chrono	False
4.286426	1.524038	0	0	0	0	0	chrono	False
4.287968	1.52558	0	0	0	0	0	chrono	False
4.289833	1.527445	0	0	0	0	0	chrono	False
4.291685	1.529297	0	0	0	0	0	chrono	False
4.293993	1.531606	0	0	0	0	0	chrono	False
4.29545	1.533062	0	0	0	0	0	chrono	False
4.297388	1.535	0	0	0	0	0	chrono	False
4.301885	1.539497	0	0	0	0	0	chrono	False
4.303952	1.541564	0	0	0	0	0	chrono	False
4.30565	1.543262	0	0	0	0	0	chrono	False
4.308264	1.545876	0	0	0	0	0	chrono	False
4.310405	1.548017	0	0	0	0	0	chrono	False
4.312205	1.549817	0	0	0	0	0	chrono	False
4.314139	1.551751	0	0	0	0	0	chrono	False
4.315955	1.553567	0	0	0	0	0	chrono	False
4.317733	1.555345	0	0	0	0	0	chrono	False
4.319318	1.55693	0	0	0	0	0	chrono	False
4.320857	1.558469	0	0	0	0	0	chrono	False
4.322332	1.559944	0	0	0	0	0	chrono	False
4.323884	1.561496	0	0	0	0	0	chrono	False
4.325746	1.563358	0	0	0	0	0	chrono	False
4.327387	1.564999	0	0	0	0	0	chrono	False
4.329004	1.566616	0	0	0	0	0	chrono	False
4.331179	1.568791	0	0	0	0	0	chrono	False
4.333865	1.571476	0	0	0	0	0	chrono	False
4.336029	1.573641	0	0	0	0	0	chrono	False
4.338637	1.576249	0	0	0	0	-0.05	chrono	False
4.34063	1.578242	0	0	0	0	0	chrono	False
4.342975	1.580587	0	0	0	0	0	chrono	False
4.345252	1.582863	0	0	0	0	-0.5	chrono	False
4.346909	1.58452	0	0	0	0	0	chrono	False
4.349011	1.586623	0	0	0	0	-0.3	chrono	False
4.350721	1.588333	0	0	0	0	0	chrono	False
4.352214	1.589826	0	0	0	0	0	chrono	False
4.354047	1.59166	0	0	0	0	0	chrono	False
4.355855	1.593467	0	0	0	0	0	chrono	False
4.357916	1.595528	0	0	0	0	-0.15	chrono	False
4.359522	1.597134	0	0	0	0	0	chrono	False
4.361036	1.598648	0	0	0	0	0	chrono	False
4.362463	1.600074	0	0	0	0	0	chrono	False
4.364494	1.602106	0	0	0	0	0	chrono	False
4.367208	1.60482	0	0	0	0	-0.35	chrono	False
4.369281	1.606893	0	0	0	0	0	chrono	False
4.371303	1.608915	0	0	0	0	0	chrono	False
4.373273	1.610886	0	0	0	0	0	chrono	False
4.375714	1.613326	0	0	0	0	0	chrono	False
4.378002	1.615613	0	0	0	0	-0.35	chrono	False
4.379605	1.617217	0	0	0	0	0	chrono	False
4.3815	1.619112	0	0	0	0.05	-0.1	chrono	False
4.383078	1.620689	0	0	0	0	0	chrono	False
4.384718	1.62233	0	0	0	0	0	chrono	False
4.386727	1.624339	0	0	0	0	0	chrono	False
4.388292	1.625904	0	0	0	0	0	chrono	False
4.389778	1.627389	0	0	0	0	0	chrono	False
4.391564	1.629176	0	0	0	0	-0.15	chrono	False
4.39313	1.630742	0	0	0	0	0	chrono	False
4.394586	1.632197	0	0	0	0	0	chrono	False
4.396163	1.633775	0	0	0	0	0	chrono	False
4.398174	1.635786	0	0	0	0	0	chrono	False
4.399966	1.637578	0	0	0	0	0	chrono	False
4.403365	1.640977	0	0	0	0	-0.2	chrono	False
4.405502	1.643114	0	0	0	0	0	chrono	False
4.407863	1.645475	0	0	0	0	0	chrono	False
4.409728	1.64734	0	0	0	0	0	chrono	False
4.411658	1.649271	0	0	0	0	-0.1	chrono	False
4.413367	1.65098	0	0	0	0	0	chrono	False
4.414979	1.652591	0	0	0	0	0	chrono	False
4.416553	1.654165	0	0	0	0	0	chrono	False
4.418123	1.655735	0	0	0	0	0	chrono	False
4.419901	1.657513	0	0	0	0	0	chrono	False
4.42204	1.659651	0	0	0	-0.05	-0.2	chrono	False
4.423519	1.66113	0	0	0	0	0	chrono	False
4.424968	1.66258	0	0	0	0	0	chrono	False
4.426675	1.664287	0	0	0	0	-0.05	chrono	False
4.428113	1.665725	0	0	0	0	0	chrono	False
4.42955	1.667161	0	0	0	0	0	chrono	False
4.431033	1.668644	0	0	0	0	0	chrono	False
4.434478	1.67209	0	0	0	0	0	chrono	False
4.436764	1.674376	0	0	0	0	-0.15	chrono	False
4.438477	1.676089	0	0	0	0	0	chrono	False
4.440043	1.677655	0	0	0	0	0	chrono	False
4.442314	1.679925	0	0	0	0	0	chrono	False
4.444133	1.681745	0	0	0	0	0	chrono	False
4.445677	1.68329	0	0	0	0	0	chrono	False
4.447352	1.684967	0	0	0	0	0	chrono	False
4.449307	1.686918	0	0	0	0	-0.15	chrono	False
4.450919	1.688531	0	0	0	0	0	chrono	False
4.452497	1.690109	0	0	0	0	0	chrono	False
4.455069	1.69268	0	0	0	0	-0.1	chrono	False
4.456727	1.694338	0	0	0	0	0	chrono	False
4.458296	1.695908	0	0	0	0	0	chrono	False
4.459894	1.697506	0	0	0	0	0	chrono	False
4.461333	1.698945	0	0	0	0	0	chrono	False
4.46298	1.700592	0	0	0	0	0	chrono	False
4.465431	1.703043	0	0	0	-0.05	-0.2	chrono	False
4.467398	1.705009	0	0	0	0	0	chrono	False
4.469145	1.706757	0	0	0	0	0	chrono	False
4.4708	1.708413	0	0	0	0	0	chrono	False
4.472978	1.71059	0	0	0	0	-0.1	chrono	False
4.475441	1.713053	0	0	0	0	0	chrono	False
4.477283	1.714894	0	0	0	0	0	chrono	False
4.479256	1.716868	0	0	0	0	0	chrono	False
4.480911	1.718523	0	0	0	0	0	chrono	False
4.482761	1.720373	0	0	0	0	-0.2	chrono	False
4.484472	1.722084	0	0	0	0	0	chrono	False
4.486426	1.724038	0	0	0	0	0	chrono	False
4.488283	1.725895	0	0	0	0	0	chrono	False
4.489723	1.727334	0	0	0	0	0	chrono	False
4.491392	1.729004	0	0	0	0	0	chrono	False
4.49373	1.731342	0	0	0	0	-0.1	chrono	False
4.495351	1.732963	0	0	0	0	0	chrono	False
4.497105	1.734717	0	0	0	0	0	chrono	False
4.49929	1.736902	0	0	0	0	0	chrono	False
4.501194	1.738805	0	0	0	0	0	chrono	False
4.504804	1.742415	0	0	0	0	-0.15	chrono	False
4.507045	1.744657	0	0	0	0	0	chrono	False
4.509891	1.747503	0	0	0	0	0	chrono	False
4.511957	1.749569	0	0	0	0	0	chrono	False
4.514484	1.752097	0	0	0	0	-0.1	chrono	False
4.51662	1.754232	0	0	0	0	-0.1	chrono	False
4.518492	1.756104	0	0	0	0	0	chrono	False
4.520304	1.757916	0	0	0	0	0	chrono	False
4.522387	1.759999	0	0	0	0	0	chrono	False
4.524221	1.761833	0	0	0	0	0	chrono	False
4.526199	1.763812	0	0	0	0	0	chrono	False
4.528361	1.765973	0	0	0	0	-0.05	chrono	False
4.530279	1.76789	0	0	0	0	0	chrono	False
4.532504	1.770116	0	0	0	0	0	chrono	False
4.534588	1.772201	0	0	0	0	0	chrono	False
4.53694	1.774551	0	0	0	0	-0.15	chrono	False
4.538902	1.776514	0	0	0	0	0	chrono	False
4.5412	1.778812	0	0	0	0	0	chrono	False
4.543946	1.781558	0	0	0	0	0	chrono	False
4.545669	1.78328	0	0	0	0	0	chrono	False
4.547855	1.785467	0	0	0	0	-0.1	chrono	False
4.549802	1.787414	0	0	0	0	0	chrono	False
4.551667	1.789279	0	0	0	0	0	chrono	False
4.553617	1.79123	0	0	0	0	0	chrono	False
4.555406	1.793018	0	0	0	0	0	chrono	False
4.557636	1.795248	0	0	0	0	-0.05	chrono	False
4.559322	1.796934	0	0	0	0	0	chrono	False
4.561176	1.798788	0	0	0	0	0	chrono	False
4.563955	1.801567	0	0	0	0.05	-0.05	chrono	False
4.566474	1.804086	0	0	0	0	0	chrono	False
4.568533	1.806145	0	0	0	0	0	chrono	False
4.570648	1.80826	0	0	0	0	0	chrono	False
4.5736	1.811212	0	0	0	0	-0.1	chrono	False
4.576464	1.814076	0	0	0	0	0	chrono	False
4.579327	1.816938	0	0	0	0	0	chrono	False
4.581618	1.81923	0	0	0	0	0	chrono	False
4.58416	1.821772	0	0	0	0	-0.05	chrono	False
4.585982	1.823594	0	0	0	0	0	chrono	False
4.588129	1.825741	0	0	0	0	0	chrono	False
4.589951	1.827562	0	0	0	0	0	chrono	False
4.591828	1.82944	0	0	0	0	0	chrono	False
4.594378	1.831989	0	0	0	0	-0.15	chrono	False
4.596182	1.833794	0	0	0	0	0	chrono	False
4.598295	1.835907	0	0	0	0	0	chrono	False
4.600601	1.838212	0	0	0	0	0	chrono	False
4.604329	1.84194	0	0	0	0	-0.05	chrono	False
4.606646	1.844257	0	0	0	0	0	chrono	False
4.609008	1.84662	0	0	0	0	-0.05	chrono	False
4.611708	1.849319	0	0	0	0	0	chrono	False
4.6139	1.851511	0	0	0	0	0	chrono	False
4.615901	1.853513	0	0	0	0	0	chrono	False
4.617653	1.855265	0	0	0	0	0	chrono	False
4.620399	1.858011	0	0	0	0	-0.15	chrono	False
4.622458	1.86007	0	0	0	0	0	chrono	False
4.624263	1.861874	0	0	0	0	0	chrono	False
4.625958	1.86357	0	0	0	0	0	chrono	False
4.627707	1.865318	0	0	0	0	0	chrono	False
4.629794	1.867405	0	0	0	0	-0.15	chrono	False
4.632002	1.869614	0	0	0	0	0	chrono	False
4.634105	1.871717	0	0	0	0	0	chrono	False
4.6361	1.873712	0	0	0	0	0	chrono	False
4.637942	1.875554	0	0	0	0	0	chrono	False
4.640251	1.877863	0	0	0	0.05	-0.2	chrono	False
4.643016	1.880628	0	0	0	0	0	chrono	False
4.645487	1.883099	0	0	0	0	-0.05	chrono	False
4.647389	1.885004	0	0	0	0	0	chrono	False
4.649339	1.88695	0	0	0	0	0	chrono	False
4.651293	1.888905	0	0	0	0	0	chrono	False
4.653302	1.890913	0	0	0	0	0	chrono	False
4.655668	1.89328	0	0	0	0	-0.2	chrono	False
4.657322	1.894934	0	0	0	0	0	chrono	False
4.658888	1.8965	0	0	0	0	0	chrono	False
4.660405	1.898017	0	0	0	0	0	chrono	False
4.66196	1.899571	0	0	0	0	0	chrono	False
4.663539	1.901151	0	0	0	0	0	chrono	False
4.666051	1.903663	0	0	0	0.05	-0.1	chrono	False
4.668097	1.905708	0	0	0	0	0	chrono	False
4.670106	1.907717	0	0	0	0	0	chrono	False
4.671815	1.909427	0	0	0	0	0	chrono	False
4.67442	1.912032	0	0	0	0	-0.15	chrono	False
4.677215	1.914826	0	0	0	0	0	chrono	False
4.679151	1.916763	0	0	0	0	0	chrono	False
4.681152	1.918764	0	0	0	0	0	chrono	False
4.683383	1.920995	0	0	0	0	-0.1	chrono	False
4.685041	1.922653	0	0	0	0	0	chrono	False
4.686809	1.92442	0	0	0	0	0	chrono	False
4.688438	1.92605	0	0	0	0	0	chrono	False
4.690153	1.927765	0	0	0	0	0	chrono	False
4.691937	1.929549	0	0	0	0	0	chrono	False
4.693758	1.931371	0	0	0	0	0	chrono	False
4.696126	1.933737	0	0	0	0	-0.1	chrono	False
4.697877	1.935489	0	0	0	0	0	chrono	False
4.700117	1.937729	0	0	0	0	0	chrono	False
4.702161	1.939773	0	0	0	0	0	chrono	False
4.704471	1.942082	0	0	0	0	0	chrono	False
4.706695	1.944307	0	0	0	0	0	chrono	False
4.709051	1.946663	0	0	0	0	-0.05	chrono	False
4.712064	1.949676	0	0	0	0	0	chrono	False
4.714341	1.951953	0	0	0	0	0	chrono	False
4.716235	1.953846	0	0	0	0	0	chrono	False
4.725809	1.96342	0	0	0	0	0	chrono	False
4.727677	1.965289	0	0	0	0	0	chrono	False
4.729424	1.967036	0	0	0	0	0	chrono	False
4.7318	1.969412	0	0	0	0	0	chrono	False
4.733972	1.971584	0	0	0	0	0	chrono	False
4.735914	1.973526	0	0	0	0	0	chrono	False
4.738017	1.975629	0	0	0	0	0	chrono	False
4.740291	1.977903	0	0	0	0	0	chrono	False
4.743267	1.980878	0	0	0	0	0	chrono	False
4.745344	1.982956	0	0	0	0	0	chrono	False
4.747231	1.984842	0	0	0	0	0	chrono	False
4.749008	1.98662	0	0	0	0	0	chrono	False
4.750811	1.988423	0	0	0	0	0	chrono	False
4.752782	1.990395	0	0	0	0	0	chrono	False
4.754632	1.992244	0	0	0	0	0	chrono	False
4.756525	1.994137	0	0	0	0	0	chrono	False
4.758373	1.995985	0	0	0	0	0	chrono	False
4.760173	1.997785	0	0	0	0	0	chrono	False
4.76181	1.999422	0	0	0	0	0	chrono	False
4.76358	2.001192	0	0	0	0	0	chrono	False
4.766024	2.003638	0	0	0	0	0	chrono	False
4.768067	2.005679	0	0	0	0	0	chrono	False
4.770214	2.007826	0	0	0	0	0	chrono	False
4.772317	2.009929	0	0	0	0	0	chrono	False
4.774599	2.012211	0	0	0	0	0	chrono	False
4.7775	2.015112	0	0	0	0	0	chrono	False
4.779717	2.01733	0	0	0	0	0	chrono	False
4.781718	2.019331	0	0	0	0	0	chrono	False
4.783933	2.021544	0	0	0	0	0	chrono	False
4.785534	2.023146	0	0	0	0	0	chrono	False
4.787167	2.024779	0	0	0	0	0	chrono	False
4.788773	2.026385	0	0	0	0	0	chrono	False
4.790371	2.027983	0	0	0	0	0	chrono	False
4.7923	2.029912	0	0	0	0	0	chrono	False
4.794163	2.031775	0	0	0	0	0	chrono	False
4.795889	2.033501	0	0	0	0	0	chrono	False
4.797917	2.035529	0	0	0	0	0	chrono	False
4.800114	2.037726	0	0	0	0	0	chrono	False
4.802532	2.040143	0	0	0	0	0	chrono	False
4.804755	2.042367	0	0	0	0	0	chrono	False
4.806992	2.044603	0	0	0	0	0	chrono	False
4.809478	2.04709	0	0	0	0	0	chrono	False
4.811998	2.04961	0	0	0	0	0	chrono	False
4.814194	2.051806	0	0	0	0	0	chrono	False
4.816121	2.053734	0	0	0	0	0	chrono	False
4.818121	2.055733	0	0	0	0	0	chrono	False
4.819881	2.057493	0	0	0	0	0	chrono	False
4.821758	2.059371	0	0	0	0	0	chrono	False
4.823784	2.061396	0	0	0	0	0	chrono	False
4.825325	2.062937	0	0	0	0	0	chrono	False
4.82684	2.064452	0	0	0	0	0	chrono	False
4.828454	2.066066	0	0	0	0	0	chrono	False
4.830108	2.06772	0	0	0	0	0	chrono	False
4.832586	2.070198	0	0	0	0	0	chrono	False
4.834863	2.072475	0	0	0	0	0	chrono	False
4.836884	2.074495	0	0	0	0	0	chrono	False
4.83886	2.076472	0	0	0	0	0	chrono	False
4.840637	2.078249	0	0	0	0	0	chrono	False
4.842683	2.080295	0	0	0	0	0	chrono	False
4.845112	2.082724	0	0	0	0	0	chrono	False
4.846955	2.084567	0	0	0	0	0	chrono	False
4.848755	2.086367	0	0	0	0	0	chrono	False
4.850539	2.08815	0	0	0	0	0	chrono	False
4.852217	2.089829	0	0	0	0	0	chrono	False
4.854047	2.091658	0	0	0	0	0	chrono	False
4.855711	2.093322	0	0	0	0	0	chrono	False
4.857369	2.094981	0	0	0	0	0	chrono	False
4.859091	2.096703	0	0	0	0	0	chrono	False
4.8608	2.098412	0	0	0	0	0	chrono	False
4.862699	2.10031	0	0	0	0	0	chrono	False
4.8647	2.102312	0	0	0	0	0	chrono	False
4.867153	2.104765	0	0	0	0	0	chrono	False
4.869301	2.106913	0	0	0	0	0	chrono	False
4.871365	2.108977	0	0	0	0	0	chrono	False
4.873408	2.11102	0	0	0	0	0	chrono	False
4.875893	2.113505	0	0	0	0	0	chrono	False
4.879594	2.117206	0	0	0	0	0	chrono	False
4.882204	2.119816	0	0	0	0	0	chrono	False
4.885223	2.122835	0	0	0	0	0	chrono	False
4.887655	2.125267	0	0	0	0	0	chrono	False
4.889764	2.127376	0	0	0	0	0	chrono	False
4.891818	2.12943	0	0	0	0	0	chrono	False
4.893621	2.131234	0	0	0	0	0	chrono	False
4.895705	2.133317	0	0	0	0	0	chrono	False
4.89789	2.135501	0	0	0	0	0	chrono	False
4.90016	2.137772	0	0	0	0	0	chrono	False
4.902275	2.13989	0	0	0	0	0	chrono	False
4.90444	2.142052	0	0	0	0	0	chrono	False
4.906812	2.144425	0	0	0	0	0	chrono	False
4.909718	2.14733	0	0	0	0	0	chrono	False
4.912282	2.149893	0	0	0	0	0	chrono	False
4.914457	2.15207	0	0	0	0	0	chrono	False
4.916636	2.154247	0	0	0	0	0	chrono	False
4.918526	2.156137	0	0	0	0	0	chrono	False
4.920351	2.157963	0	0	0	0	0	chrono	False
4.922329	2.159941	0	0	0	0	0	chrono	False
4.924122	2.161734	0	0	0	0	0	chrono	False
4.925988	2.163599	0	0	0	0	0	chrono	False
4.927987	2.1656	0	0	0	0	0	chrono	False
4.929818	2.167429	0	0	0	0	0	chrono	False
4.932274	2.169886	0	0	0	0	0	chrono	False
4.934524	2.172135	0	0	0	0	0	chrono	False
4.936698	2.17431	0	0	0	0	0	chrono	False
4.938655	2.176267	0	0	0	0	0	chrono	False
4.940691	2.178302	0	0	0	0	0	chrono	False
4.943482	2.181094	0	0	0	0	0	chrono	False
4.945817	2.18343	0	0	0	0	0	chrono	False
4.947879	2.185491	0	0	0	0	0	chrono	False
4.949806	2.187418	0	0	0	0	0	chrono	False
4.951656	2.189268	0	0	0	0	0	chrono	False
4.95376	2.191371	0	0	0	0	0	chrono	False
4.955973	2.193585	0	0	0	0	0	chrono	False
4.957875	2.195487	0	0	0	0	0	chrono	False
4.959665	2.197277	0	0	0	0	0	chrono	False
4.961436	2.199048	0	0	0	0	0	chrono	False
4.963313	2.200924	0	0	0	0	0	chrono	False
4.965598	2.203209	0	0	0	0	0	chrono	False
4.967556	2.205168	0	0	0	0	0	chrono	False
4.969649	2.207261	0	0	0	0	0	chrono	False
4.971633	2.209245	0	0	0	0	0	chrono	False
4.973712	2.211324	0	0	0	0	0	chrono	False
4.976418	2.21403	0	0	0	0	0	chrono	False
4.979014	2.216626	0	0	0	0	0	chrono	False
4.981463	2.219075	0	0	0	0	0	chrono	False
4.983492	2.221104	0	0	0	0	0	chrono	False
4.985462	2.223074	0	0	0	0	0	chrono	False
4.987374	2.224985	0	0	0	0	0	chrono	False
4.989199	2.226811	0	0	0	0	0	chrono	False
4.991104	2.228716	0	0	0	0	0	chrono	False
4.993093	2.230706	0	0	0	0	0	chrono	False
4.994807	2.232419	0	0	0	0	0	chrono	False
4.996524	2.234136	0	0	0	0	0	chrono	False
4.998734	2.236345	0	0	0	0	0	chrono	False
5.00069	2.238301	0	0	0	0	0	chrono	False
5.002725	2.240337	0	0	0	0	0	chrono	False
5.004908	2.24252	0	0	0	0	0	chrono	False
5.00715	2.244762	0	0	0	0	0	chrono	False
5.009827	2.247438	0	0	0	0	0	chrono	False
5.012557	2.250168	0	0	0	0	0	chrono	False
5.014844	2.252456	0	0	0	0	0	chrono	False
5.016673	2.254285	0	0	0	0	0	chrono	False
5.018643	2.256255	0	0	0	0	0	chrono	False
5.020442	2.258055	0	0	0	0	0	chrono	False
5.022131	2.259743	0	0	0	0	0	chrono	False
5.02389	2.261502	0	0	0	0	0	chrono	False
5.025645	2.263257	0	0	0	0	0	chrono	False
5.027408	2.26502	0	0	0	0	0	chrono	False
5.029272	2.266883	0	0	0	0	0	chrono	False
5.031111	2.268723	0	0	0	0	0	chrono	False
5.033881	2.271493	0	0	0	0	0	chrono	False
5.036974	2.274586	0	0	0	0	0	chrono	False
5.039109	2.276721	0	0	0	0	0	chrono	False
5.041024	2.278636	0	0	0	0	0	chrono	False
5.043581	2.281193	0	0	0	0	0	chrono	False
5.04597	2.283582	0	0	0	0	0	chrono	False
5.048104	2.285716	0	0	0	0	0	chrono	False
5.049882	2.287494	0	0	0	0	0	chrono	False
5.051714	2.289327	0	0	0	0	0	chrono	False
5.053727	2.291339	0	0	0	0	0	chrono	False
5.055646	2.293258	0	0	0	0	0	chrono	False
5.057664	2.295276	0	0	0	0	0	chrono	False
5.0594	2.297011	0	0	0	0	0	chrono	False
5.06111	2.298722	0	0	0	0	0	chrono	False
5.06284	2.300451	0	0	0	0	0	chrono	False
5.064877	2.302488	0	0	0	0	0	chrono	False
5.06723	2.304842	0	0	0	0	0	chrono	False
5.069397	2.307009	0	0	0	0	0	chrono	False
5.07141	2.309022	0	0	0	0	0	chrono	False
5.073466	2.311078	0	0	0	0	0	chrono	False
5.075831	2.313443	0	0	0	0	0	chrono	False
5.078456	2.316069	0	0	0	0	0	chrono	False
5.080728	2.31834	0	0	0	0	0	chrono	False
5.082878	2.320489	0	0	0	0	0	chrono	False
5.084733	2.322344	0	0	0	0	0	chrono	False
5.08642	2.324031	0	0	0	0	0	chrono	False
5.088108	2.32572	0	0	0	0	0	chrono	False
5.089796	2.327407	0	0	0	0	0	chrono	False
5.09151	2.329122	0	0	0	0	0	chrono	False
5.093415	2.331027	0	0	0	0	0	chrono	False
5.095316	2.332928	0	0	0	0	0	chrono	False
5.097314	2.334926	0	0	0	0	0	chrono	False
5.099699	2.337311	0	0	0	0	0	chrono	False
5.101641	2.339253	0	0	0	0	0	chrono	False
5.103532	2.341146	0	0	0	0	0	chrono	False
5.105292	2.342904	0	0	0	0	0	chrono	False
5.107446	2.345057	0	0	0	0	0	chrono	False
5.110076	2.347688	0	0	0	0	0	chrono	False
5.11211	2.349722	0	0	0	0	0	chrono	False
5.114489	2.352101	0	0	0	0	0	chrono	False
5.116384	2.353995	0	0	0	0	0	chrono	False
5.118172	2.355784	0	0	0	0	0	chrono	False
5.119878	2.35749	0	0	0	0	0	chrono	False
5.121515	2.359127	0	0	0	0	0	chrono	False
5.12336	2.360971	0	0	0	0	0	chrono	False
5.12506	2.362671	0	0	0	0	0	chrono	False
5.126776	2.364388	0	0	0	0	0	chrono	False
5.128754	2.366366	0	0	0	0	0	chrono	False
5.13062	2.368231	0	0	0	0	0	chrono	False
5.133107	2.370719	0	0	0	0	0	chrono	False
5.135168	2.37278	0	0	0	0	0	chrono	False
5.137103	2.374714	0	0	0	0	0	chrono	False
5.138909	2.376522	0	0	0	0	0	chrono	False
5.141092	2.378704	0	0	0	0	0	chrono	False
5.144331	2.381943	0	0	0	0	0	chrono	False
5.146423	2.384036	0	0	0	0	0	chrono	False
5.148349	2.385961	0	0	0	0	0	chrono	False
5.150228	2.38784	0	0	0	0	0	chrono	False
5.152045	2.389657	0	0	0	0	0	chrono	False
5.153985	2.391597	0	0	0	0	0	chrono	False
5.155988	2.3936	0	0	0	0	0	chrono	False
5.158002	2.395614	0	0	0	0	0	chrono	False
5.159708	2.39732	0	0	0	0	0	chrono	False
5.161465	2.399077	0	0	0	0	0	chrono	False
5.163513	2.401126	0	0	0	0	0	chrono	False
5.166315	2.403926	0	0	0	0	0	chrono	False
5.168465	2.406076	0	0	0	0	0	chrono	False
5.170583	2.408195	0	0	0	0	0	chrono	False
5.17285	2.410462	0	0	0	0	0	chrono	False
5.174978	2.41259	0	0	0	0	0	chrono	False
5.177654	2.415266	0	0	0	0	0	chrono	False
5.180046	2.417657	0	0	0	0	0	chrono	False
5.182028	2.41964	0	0	0	0	0	chrono	False
5.183876	2.421488	0	0	0	0	0	chrono	False
5.185968	2.42358	0	0	0	0	0	chrono	False
5.188427	2.426039	0	0	0	0	0	chrono	False
5.19047	2.428082	0	0	0	0	0	chrono	False
5.192506	2.430118	0	0	0	0	0	chrono	False
5.194633	2.432244	0	0	0	0	0	chrono	False
5.196675	2.434288	0	0	0	0	0	chrono	False
5.19929	2.436902	0	0	0	0	0	chrono	False
5.202167	2.439779	0	0	0	0	0	chrono	False
5.20423	2.441843	0	0	0	0	0	chrono	False
5.206123	2.443735	0	0	0	0	0	chrono	False
5.208236	2.445849	0	0	0	0	0	chrono	False
5.211264	2.448876	0	0	0	0	0	chrono	False
5.213356	2.450968	0	0	0	0	0	chrono	False
5.215275	2.452887	0	0	0	0	0	chrono	False
5.216911	2.454523	0	0	0	0	0	chrono	False
5.218506	2.456118	0	0	0	0	0	chrono	False
5.220298	2.45791	0	0	0	0	0	chrono	False
5.221971	2.459583	0	0	0	0	0	chrono	False
5.223608	2.461219	0	0	0	0	0	chrono	False
5.225181	2.462792	0	0	0	0	0	chrono	False
5.226775	2.464386	0	0	0	0	0	chrono	False
5.228555	2.466167	0	0	0	0	0	chrono	False
5.230397	2.468009	0	0	0	0	0	chrono	False
5.232451	2.470063	0	0	0	0	0	chrono	False
5.234775	2.472388	0	0	0	0	0	chrono	False
5.237792	2.475404	0	0	0	0	0	chrono	False
5.239857	2.477468	0	0	0	0	0	chrono	False
5.241782	2.479394	0	0	0	0	0	chrono	False
5.244349	2.481961	0	0	0	0	0	chrono	False
5.246103	2.483715	0	0	0	0	0	chrono	False
5.247757	2.485369	0	0	0	0	0	chrono	False
5.249377	2.486989	0	0	0	0	0	chrono	False
5.251221	2.488832	0	0	0	0	0	chrono	False
5.253097	2.490709	0	0	0	0	0	chrono	False
5.254767	2.492379	0	0	0	0	0	chrono	False
5.256823	2.494435	0	0	0	0	0	chrono	False
5.258829	2.496441	0	0	0	0	0	chrono	False
5.260901	2.498513	0	0	0	0	0	chrono	False
5.262554	2.500165	0	0	0	0	0	chrono	False
5.264568	2.50218	0	0	0	0	0	chrono	False
5.267409	2.505022	0	0	0	0	0	chrono	False
5.269507	2.507119	0	0	0	0	0	chrono	False
5.27143	2.509043	0	0	0	0	0	chrono	False
5.27373	2.511342	0	0	0	0	0	chrono	False
5.27603	2.513642	0	0	0	0	0	chrono	False
5.27852	2.516132	0	0	0	0	0	chrono	False
5.280473	2.518085	0	0	0	0	0	chrono	False
5.282439	2.520051	0	0	0	0	0	chrono	False
5.284375	2.521987	0	0	0	0	0	chrono	False
5.286004	2.523616	0	0	0	0	0	chrono	False
5.287694	2.525305	0	0	0	0	0	chrono	False
5.289301	2.526913	0	0	0	0	0	chrono	False
5.290869	2.528481	0	0	0	0	0	chrono	False
5.292879	2.530491	0	0	0	0	0	chrono	False
5.294684	2.532296	0	0	0	0	0	chrono	False
5.296716	2.534328	0	0	0	0	0	chrono	False
5.299673	2.537285	0	0	0	0	0	chrono	False
5.301742	2.539354	0	0	0	0	0	chrono	False
5.30392	2.541533	0	0	0	0	0	chrono	False
5.305878	2.54349	0	0	0	0	0	chrono	False
5.308389	2.546	0	0	0	0	0	chrono	False
5.311526	2.549139	0	0	0	0	0	chrono	False
5.313987	2.551599	0	0	0	0	0	chrono	False
5.316004	2.553617	0	0	0	0	0	chrono	False
5.317818	2.555429	0	0	0	0	0	chrono	False
5.319633	2.557244	0	0	0	0	0	chrono	False
5.321465	2.559076	0	0	0	0	0	chrono	False
5.323136	2.560749	0	0	0	0	0	chrono	False
5.324764	2.562376	0	0	0	0	0	chrono	False
5.326585	2.564197	0	0	0	0	0	chrono	False
5.328521	2.566133	0	0	0	0	0	chrono	False
5.330338	2.567949	0	0	0	0	0	chrono	False
5.332522	2.570134	0	0	0	0	0	chrono	False
5.334822	2.572434	0	0	0	0	0	chrono	False
5.337362	2.574974	0	0	0	0	0	chrono	False
5.339196	2.576807	0	0	0	0	0	chrono	False
5.341046	2.578658	0	0	0	0	0	chrono	False
5.344133	2.581745	0	0	0	0	0	chrono	False
5.346402	2.584014	0	0	0	0	0	chrono	False
5.348383	2.585995	0	0	0	0	0	chrono	False
5.350726	2.588337	0	0	0	0	0	chrono	False
5.352762	2.590374	0	0	0	0	0	chrono	False
5.35441	2.592022	0	0	0	0	0	chrono	False
5.356033	2.593645	0	0	0	0	0	chrono	False
5.357714	2.595325	0	0	0	0	0	chrono	False
5.359644	2.597256	0	0	0	0	0	chrono	False
5.36146	2.599072	0	0	0	0	0	chrono	False
5.363046	2.600658	0	0	0	0	0	chrono	False
5.36524	2.602852	0	0	0	0	0	chrono	False
5.367182	2.604794	0	0	0	0	0	chrono	False
5.369059	2.60667	0	0	0	0	0	chrono	False
5.370959	2.608571	0	0	0	0	0	chrono	False
5.372808	2.61042	0	0	0	0	0	chrono	False
5.375146	2.612758	0	0	0	0	0	chrono	False
5.377919	2.615533	0	0	0	0	0	chrono	False
5.37993	2.617542	0	0	0	0	0	chrono	False
5.381898	2.61951	0	0	0	0	0	chrono	False
5.383567	2.621179	0	0	0	0	0	chrono	False
5.385192	2.622804	0	0	0	0	0	chrono	False
5.386907	2.624519	0	0	0	0	0	chrono	False
5.388667	2.626279	0	0	0	0	0	chrono	False
5.390643	2.628255	0	0	0	0	0	chrono	False
5.392423	2.630034	0	0	0	0	0	chrono	False
5.394309	2.631921	0	0	0	0	0	chrono	False
5.396131	2.633743	0	0	0	0	0	chrono	False
5.397948	2.63556	0	0	0	0	0	chrono	False
5.400166	2.637778	0	0	0	0	0	chrono	False
5.402059	2.639671	0	0	0	0	0	chrono	False
5.404131	2.641743	0	0	0	0	0	chrono	False
5.406353	2.643965	0	0	0	0	0	chrono	False
5.408212	2.645823	0	0	0	0	0	chrono	False
5.410895	2.648507	0	0	0	0	0	chrono	False
5.413118	2.650731	0	0	0	0	0	chrono	False
5.415373	2.652985	0	0	0	0	0	chrono	False
5.417084	2.654696	0	0	0	0	0	chrono	False
5.418829	2.656441	0	0	0	0	0	chrono	False
5.420702	2.658313	0	0	0	0	0	chrono	False
5.422472	2.660083	0	0	0	0	0	chrono	False
5.424133	2.661745	0	0	0	0	0	chrono	False
5.425838	2.663449	0	0	0	0	0	chrono	False
5.427785	2.665398	0	0	0	0	0	chrono	False
5.429381	2.666993	0	0	0	0	0	chrono	False
5.431315	2.668927	0	0	0	0	0	chrono	False
5.434101	2.671713	0	0	0	0	0	chrono	False
5.436693	2.674304	0	0	0	0	0	chrono	False
5.438705	2.676317	0	0	0	0	0	chrono	False
5.440494	2.678105	0	0	0	0	0	chrono	False
5.4428	2.680412	0	0	0	0	0	chrono	False
5.44543	2.683043	0	0	0	0	0	chrono	False
5.447544	2.685155	0	0	0	0	0	chrono	False
5.449364	2.686975	0	0	0	0	0	chrono	False
5.451511	2.689123	0	0	0	0	0	chrono	False
5.453656	2.691268	0	0	0	0	0	chrono	False
5.456055	2.693667	0	0	0	0	0	chrono	False
5.458001	2.695612	0	0	0	0	0	chrono	False
5.459856	2.697467	0	0	0	0	0	chrono	False
5.461564	2.699176	0	0	0	0	0	chrono	False
5.46354	2.701152	0	0	0	0	0	chrono	False
5.466065	2.703678	0	0	0	0	0	chrono	False
5.468636	2.706247	0	0	0	0	0	chrono	False
5.471121	2.708733	0	0	0	0	0	chrono	False
5.473326	2.710938	0	0	0	0	0	chrono	False
5.475297	2.712909	0	0	0	0	0	chrono	False
5.47797	2.715581	0	0	0	0	0	chrono	False
5.480112	2.717723	0	0	0	0	0	chrono	False
5.481842	2.719454	0	0	0	0	0	chrono	False
5.483493	2.721105	0	0	0	0	0	chrono	False
5.485162	2.722774	0	0	0	0	0	chrono	False
5.487013	2.724625	0	0	0	0	0	chrono	False
5.489044	2.726656	0	0	0	0	0	chrono	False
5.490827	2.728438	0	0	0	0	0	chrono	False
5.49276	2.730372	0	0	0	0	0	chrono	False
5.494626	2.732238	0	0	0	0	0	chrono	False
5.496435	2.734046	0	0	0	0	0	chrono	False
5.506886	2.744497	0	0	0	0	0	chrono	False
5.509478	2.74709	0	0	0	0	0	chrono	False
5.511617	2.749229	0	0	0	0	0	chrono	False
5.514397	2.752009	0	0	0	0	0	chrono	False
5.517277	2.754889	0	0	0	0	0	chrono	False
5.51909	2.756702	0	0	0	0	0	chrono	False
5.520708	2.75832	0	0	0	0	0	chrono	False
5.522391	2.760003	0	0	0	0	0	chrono	False
5.524192	2.761804	0	0	0	0	0	chrono	False
5.525879	2.76349	0	0	0	0	0	chrono	False
5.527662	2.76529	0	0	0	0	0	chrono	False
5.529511	2.767123	0	0	0	0	0	chrono	False
5.531213	2.768825	0	0	0	0	0	chrono	False
5.533648	2.77126	0	0	0	0	0	chrono	False
5.535747	2.773359	0	0	0	0	0	chrono	False
5.537665	2.775277	0	0	0	0	0	chrono	False
5.539593	2.777205	0	0	0	0	0	chrono	False
5.541345	2.778957	0	0	0	0	0	chrono	False
5.544017	2.781629	0	0	0	0	0	chrono	False
5.546193	2.783804	0	0	0	0	0	chrono	False
5.547956	2.785568	0	0	0	0	0	chrono	False
5.549609	2.787221	0	0	0	0	0	chrono	False
5.55124	2.788852	0	0	0	0	0	chrono	False
5.55338	2.790991	0	0	0	0	0	chrono	False
5.555093	2.792705	0	0	0	0	0	chrono	False
5.556838	2.794449	0	0	0	0	0	chrono	False
5.559268	2.796879	0	0	0	0	0	chrono	False
5.561193	2.798805	0	0	0	0	0	chrono	False
5.562815	2.800426	0	0	0	0	0	chrono	False
5.564447	2.802058	0	0	0	0	0	chrono	False
5.56663	2.804242	0	0	0	0	0	chrono	False
5.568545	2.806157	0	0	0	0	0	chrono	False
5.570348	2.80796	0	0	0	0	0	chrono	False
5.572343	2.809955	0	0	0	0	0	chrono	False
5.574576	2.812206	0	0	0	0	0	chrono	False
5.577427	2.815039	0	0	0	0	0	chrono	False
5.58091	2.818523	0	0	0	0	0	chrono	False
5.583011	2.820622	0	0	0	0	0	chrono	False
5.584922	2.822534	0	0	0	0	0	chrono	False
5.587163	2.824775	0	0	0	0	0	chrono	False
5.58905	2.826662	0	0	0	0	0	chrono	False
5.590992	2.828604	0	0	0	0	0	chrono	False
5.592998	2.83061	0	0	0	0	0	chrono	False
5.594907	2.832519	0	0	0	0	0	chrono	False
5.596873	2.834485	0	0	0	0	0	chrono	False
5.599416	2.837028	0	0	0	0	0	chrono	False
5.601382	2.838994	0	0	0	0	0	chrono	False
5.603336	2.840948	0	0	0	0	0	chrono	False
5.605391	2.843002	0	0	0	0	0	chrono	False
5.607378	2.844989	0	0	0	0	0	chrono	False
5.609769	2.847383	0	0	0	0	0	chrono	False
5.612282	2.849894	0	0	0	0	0	chrono	False
5.614572	2.8522	0	0	0	0	0	chrono	False
5.616809	2.854421	0	0	0	0	0	chrono	False
5.61887	2.856482	0	0	0	0	0	chrono	False
5.620751	2.858363	0	0	0	0	0	chrono	False
5.622484	2.860096	0	0	0	0	0	chrono	False
5.624277	2.861888	0	0	0	0	0	chrono	False
5.626032	2.863644	0	0	0	0	0	chrono	False
5.627788	2.865399	0	0	0	0	0	chrono	False
5.629364	2.866975	0	0	0	0	0	chrono	False
5.631586	2.869198	0	0	0	0	0	chrono	False
5.633746	2.871386	0	0	0	0	0	chrono	False
5.636272	2.873884	0	0	0	0	0	chrono	False
5.638177	2.87579	0	0	0	0	0	chrono	False
5.640072	2.877684	0	0	0	0	0	chrono	False
5.642548	2.880181	0	0	0	0	0	chrono	False
5.644576	2.882187	0	0	0	0	0	chrono	False
5.646217	2.883829	0	0	0	0	0	chrono	False
5.647915	2.885527	0	0	0	0	0	chrono	False
5.64944	2.887052	0	0	0	0	0	chrono	False
5.651067	2.888679	0	0	0	0	0	chrono	False
5.652706	2.890317	0	0	0	0	0	chrono	False
5.654412	2.892024	0	0	0	0	0	chrono	False
5.656258	2.89387	0	0	0	0	0	chrono	False
5.657846	2.895458	0	0	0	0	0	chrono	False
5.659362	2.896974	0	0	0	0	0	chrono	False
5.660798	2.89841	0	0	0	0	0	chrono	False
5.662248	2.899859	0	0	0	0	0	chrono	False
5.663686	2.901298	0	0	0	0	0	chrono	False
5.665258	2.90287	0	0	0	0	0	chrono	False
5.667768	2.90538	0	0	0	0	0	chrono	False
5.669913	2.907525	0	0	0	0	0	chrono	False
5.67172	2.909334	0	0	0	0	0	chrono	False
5.67367	2.911282	0	0	0	0	0	chrono	False
5.675895	2.913509	0	0	0	0	0	chrono	False
5.678131	2.915743	0	0	0	0	0	chrono	False
5.679802	2.917415	0	0	0	0	0	chrono	False
5.68152	2.919131	0	0	0	0	0	chrono	False
5.683064	2.920676	0	0	0	0	0	chrono	False
5.684561	2.922173	0	0	0	0	0	chrono	False
5.686056	2.923667	0	0	0	0	0	chrono	False
5.687544	2.925156	0	0	0	0	0	chrono	False
5.689114	2.926725	0	0	0	0	0	chrono	False
5.690762	2.928395	0	0	0	0	0	chrono	False
5.69232	2.929932	0	0	0	0	0	chrono	False
5.693973	2.931585	0	0	0	0	0	chrono	False
5.695483	2.933095	0	0	0	0	0	chrono	False
5.697206	2.934818	0	0	0	0	0	chrono	False
5.699164	2.936776	0	0	0	0	0	chrono	False
5.701419	2.939031	0	0	0	0	0	chrono	False
5.703679	2.941291	0	0	0	0	0	chrono	False
5.705886	2.943498	0	0	0	0	0	chrono	False
5.707481	2.945093	0	0	0	0	0	chrono	False
5.709651	2.947263	0	0	0	0	0	chrono	False
5.711601	2.949213	0	0	0	0	0	chrono	False
5.71366	2.951272	0	0	0	0	0	chrono	False
5.7157	2.953312	0	0	0	0	0	chrono	False
5.717694	2.955306	0	0	0	0	0	chrono	False
5.719476	2.957088	0	0	0	0	0	chrono	False
5.721222	2.958834	0	0	0	0	0	chrono	False
5.722985	2.960597	0	0	0	0	0	chrono	False
5.724707	2.962318	0	0	0	0	0	chrono	False
5.726351	2.963963	0	0	0	0	0	chrono	False
5.727986	2.965598	0	0	0	0	0	chrono	False
5.729583	2.967195	0	0	0	0	0	chrono	False
5.731283	2.968894	0	0	0	0	0	chrono	False
5.733768	2.97138	0	0	0	0	0	chrono	False
5.735581	2.973193	0	0	0	0	0	chrono	False
5.737543	2.975154	0	0	0	0	0	chrono	False
5.739497	2.977108	0	0	0	0	0	chrono	False
5.7414	2.979012	0	0	0	0	0	chrono	False
5.743573	2.981184	0	0	0	0	0	chrono	False
5.745305	2.982917	0	0	0	0	0	chrono	False
5.747333	2.984945	0	0	0	0	0	chrono	False
5.749205	2.986817	0	0	0	0	0	chrono	False
5.750815	2.988427	0	0	0	0	0	chrono	False
5.752695	2.990307	0	0	0	0	0	chrono	False
5.754502	2.992114	0	0	0	0	0	chrono	False
5.756091	2.993703	0	0	0	0	0	chrono	False
5.757639	2.995251	0	0	0	0	0	chrono	False
5.759214	2.996826	0	0	0	0	0	chrono	False
5.760764	2.998375	0	0	0	0	0	chrono	False
5.763022	3.000635	0	0	0	0	0	PointingTarget	False
5.765626	3.003239	0	0	0	0	0	PointingTarget	False
5.767438	3.005051	0	0	0	0	0	PointingTarget	False
5.769311	3.006924	0	0	0	0	0	PointingTarget	False
5.771099	3.008711	0	0	0	0	0	PointingTarget	False
5.773144	3.010757	0	0	0	0	0	PointingTarget	False
5.775515	3.013127	0	0	0	0	0	PointingTarget	False
5.777939	3.015551	0	0	0	0	0	PointingTarget	False
5.779698	3.017311	0	0	0	0	0	PointingTarget	False
5.781344	3.018957	0	0	0	0	0	PointingTarget	False
5.782967	3.020579	0	0	0	0	0	PointingTarget	False
5.784463	3.022075	0	0	0	0	0	PointingTarget	False
5.786	3.023612	0	0	0	0	0	PointingTarget	False
5.787656	3.025269	0	0	0	0	0	PointingTarget	False
5.789308	3.026921	0	0	0	0	0	PointingTarget	False
5.79086	3.028472	0	0	0	0	0	PointingTarget	False
5.792988	3.0306	0	0	0	0	0	PointingTarget	False
5.794613	3.032225	0	0	0	0	0	PointingTarget	False
5.796173	3.033785	0	0	0	0	0	PointingTarget	False
5.797714	3.035326	0	0	0	0	0	PointingTarget	False
5.80075	3.038363	0	0	0	0	0	PointingTarget	False
5.802536	3.040148	0	0	0	0	0	PointingTarget	False
5.804181	3.041793	0	0	0	0	0	PointingTarget	False
5.805823	3.043435	0	0	0	0	0	PointingTarget	False
5.808344	3.045957	0	0	0	0	0	PointingTarget	False
5.810407	3.048019	0	0	0	0	0	PointingTarget	False
5.812092	3.049704	0	0	0	0	0	PointingTarget	False
5.814332	3.051944	0	0	0	0	0	PointingTarget	False
5.816559	3.054171	0	0	0	0	0	PointingTarget	False
5.818593	3.056205	0	0	0	0	0	PointingTarget	False
5.820381	3.057994	0	0	0	0	0	PointingTarget	False
5.822187	3.0598	0	0	0	0	0	PointingTarget	False
5.823773	3.061385	0	0	0	0	0	PointingTarget	False
5.825398	3.063011	0	0	0	0	0	PointingTarget	False
5.827021	3.064633	0	0	0	0	0	PointingTarget	False
5.828628	3.066241	0	0	0	0	0	PointingTarget	False
5.830448	3.068061	0	0	0	0	0	PointingTarget	False
5.833034	3.070646	0	0	0	0	0	PointingTarget	False
5.835004	3.072617	0	0	0	0	0	PointingTarget	False
5.836655	3.074267	0	0	0	0	0	PointingTarget	False
5.838258	3.07587	0	0	0	0	0	PointingTarget	False
5.8406	3.078212	0	0	0	0	0	PointingTarget	False
5.842391	3.080004	0	0	0	0	0	PointingTarget	False
5.844102	3.081714	0	0	0	0	0	PointingTarget	False
5.845618	3.08323	0	0	0	0	0	PointingTarget	False
5.847175	3.084787	0	0	0	0	0	PointingTarget	False
5.848696	3.086308	0	0	0	0	0	PointingTarget	False
5.850204	3.087816	0	0	0	0	0	PointingTarget	False
5.851882	3.089495	0	0	0	0	0	PointingTarget	False
5.853843	3.091455	0	0	0	0	0	PointingTarget	False
5.864324	3.101936	0	0	0	0	0	PointingTarget	False
5.866635	3.104247	0	0	0	0	0	PointingTarget	False
5.868763	3.106375	0	0	0	0	0	PointingTarget	False
5.871015	3.108627	0	0	0	0	0	PointingTarget	False
5.873071	3.110684	0	0	0	0	0	PointingTarget	False
5.87542	3.113033	0	0	0	0	0	PointingTarget	False
5.877962	3.115574	0	0	0	0	0	PointingTarget	False
5.879954	3.117566	0	0	0	0	0	PointingTarget	False
5.881847	3.119459	0	0	0	0	0	PointingTarget	False
5.883745	3.121357	0	0	0	0	0	PointingTarget	False
5.885926	3.123538	0	0	0	0	0	PointingTarget	False
5.887847	3.12546	0	0	0	0	0	PointingTarget	False
5.889597	3.12721	0	0	0	0	0	PointingTarget	False
5.891511	3.129124	0	0	0	0	0	PointingTarget	False
5.893386	3.130999	0	0	0	0	0	PointingTarget	False
5.895138	3.13275	0	0	0	0	0	PointingTarget	False
5.896839	3.134451	0	0	0	0	0	PointingTarget	False
5.899321	3.136934	0	0	0	0	0	PointingTarget	False
5.901232	3.138844	0	0	0	0	0	PointingTarget	False
5.903177	3.14079	0	0	0	0	0	PointingTarget	False
5.904885	3.142498	0	0	0	0	0	PointingTarget	False
5.906616	3.144228	0	0	0	0	0	PointingTarget	False
5.90912	3.146732	0	0	0	0	0	PointingTarget	False
5.910933	3.148545	0	0	0	0	0	PointingTarget	False
5.912731	3.150343	0	0	0	0	0	PointingTarget	False
5.914656	3.152268	0	0	0	0	0	PointingTarget	False
5.917211	3.154823	0	0	0	0	0	PointingTarget	False
5.919329	3.156941	0	0	0	0	0	PointingTarget	False
5.921209	3.158821	0	0	0	0	0	PointingTarget	False
5.922958	3.160571	0	0	0	0	0	PointingTarget	False
5.924491	3.162103	0	0	0	0	0	PointingTarget	False
5.926011	3.163622	0	0	0	0	0	PointingTarget	False
5.927622	3.165234	0	0	0	0	0	PointingTarget	False
5.929277	3.166889	0	0	0	0	0	PointingTarget	False
5.931124	3.168736	0	0	0	0	0	PointingTarget	False
5.933531	3.171144	0	0	0	0	0	PointingTarget	False
5.935504	3.173116	0	0	0	0	0	PointingTarget	False
5.9373	3.174913	0	0	0	0	0	PointingTarget	False
5.939136	3.176748	0	0	0	0	0	PointingTarget	False
5.940909	3.178522	0	0	0	0	0	PointingTarget	False
5.943262	3.180874	0	0	0	0	0	PointingTarget	False
5.944934	3.182546	0	0	0	0	0	PointingTarget	False
5.946593	3.184205	0	0	0	0	0	PointingTarget	False
5.948285	3.185897	0	0	0	0	0	PointingTarget	False
5.949866	3.187479	0	0	0	0	0	PointingTarget	False
5.951363	3.188974	0	0	0	0	0	PointingTarget	False
5.953006	3.190619	0	0	0	0	0	PointingTarget	False
5.954848	3.19246	0	0	0	0	0	PointingTarget	False
5.956501	3.194112	0	0	0	0	0	PointingTarget	False
5.958089	3.195701	0	0	0	0	0	PointingTarget	False
5.959723	3.197336	0	0	0	0	0	PointingTarget	False
5.961256	3.198868	0	0	0	0	0	PointingTarget	False
5.962949	3.200561	0	0	0	0	0	PointingTarget	False
5.964516	3.202129	0	0	0	0	0	PointingTarget	False
5.966553	3.204165	0	0	0	0	0	PointingTarget	False
5.968338	3.20595	0	0	0	0	0	PointingTarget	False
5.970236	3.207848	0	0	0	0	0	PointingTarget	False
5.971966	3.209578	0	0	0	0	0	PointingTarget	False
5.974205	3.211818	0	0	0	0	0	PointingTarget	False
5.976655	3.214267	0	0	0	0	0	PointingTarget	False
5.978355	3.215968	0	0	0	0	0	PointingTarget	False
5.979934	3.217546	0	0	0	0	0	PointingTarget	False
5.981655	3.219267	0	0	0	0	0	PointingTarget	False
5.983327	3.22094	0	0	0	0	0	PointingTarget	False
5.985018	3.22263	0	0	0	0	0	PointingTarget	False
5.986627	3.224239	0	0	0	0	0	PointingTarget	False
5.988225	3.225852	0	0	0	0	0	PointingTarget	False
5.989945	3.227557	0	0	0	0	0	PointingTarget	False
5.991568	3.22918	0	0	0	0	0	PointingTarget	False
5.993171	3.230783	0	0	0	0	0	PointingTarget	False
5.994831	3.232443	0	0	0	0	0	PointingTarget	False
5.996692	3.234305	0	0	0	0	0	PointingTarget	False
5.999	3.236614	0	0	0	0	0	PointingTarget	False
6.000981	3.238593	0	0	0	0	0	PointingTarget	False
6.00302	3.240633	0	0	0	0	0	PointingTarget	False
6.004971	3.242583	0	0	0	0	0	PointingTarget	False
6.006776	3.244389	0	0	0	0	0	PointingTarget	False
6.008915	3.246528	0	0	0	0	0	PointingTarget	False
6.01119	3.248802	0	0	0	0	0	PointingTarget	False
6.013003	3.250616	0	0	0	0	0	PointingTarget	False
6.015007	3.252619	0	0	0	0	0	PointingTarget	False
6.016867	3.254478	0	0	0	0	0	PointingTarget	False
6.018704	3.256316	0	0	0	0	0	PointingTarget	False
6.02048	3.258092	0	0	0	0	0	PointingTarget	False
6.022236	3.259849	0	0	0	0	0	PointingTarget	False
6.023809	3.261421	0	0	0	0	0	PointingTarget	False
6.025318	3.26293	0	0	0	0	0	PointingTarget	False
6.026784	3.264397	0	0	0	0	0	PointingTarget	False
6.028297	3.265909	0	0	0	0	0	PointingTarget	False
6.029887	3.267499	0	0	0	0	0	PointingTarget	False
6.031936	3.269549	0	0	0	0	0	PointingTarget	False
6.033983	3.271595	0	0	0	0	0	PointingTarget	False
6.0358	3.273412	0	0	0	0	0	PointingTarget	False
6.03763	3.275242	0	0	0	0	0	PointingTarget	False
6.039272	3.276884	0	0	0	0	0	PointingTarget	False
6.041459	3.279072	0	0	0	0	0	PointingTarget	False
6.043576	3.281188	0	0	0	0	0	PointingTarget	False
6.045143	3.282755	0	0	0	0	0	PointingTarget	False
6.046677	3.28429	0	0	0	0	0	PointingTarget	False
6.048349	3.285962	0	0	0	0	0	PointingTarget	False
6.050085	3.287697	0	0	0	0	0	PointingTarget	False
6.051735	3.289347	0	0	0	0	0	PointingTarget	False
6.053522	3.291135	0	0	0	0	0	PointingTarget	False
6.055233	3.292846	0	0	0	0	0	PointingTarget	False
6.056884	3.294497	0	0	0	0	0	PointingTarget	False
6.058372	3.295985	0	0	0	0	0	PointingTarget	False
6.059818	3.29743	0	0	0	0	0	PointingTarget	False
6.061277	3.29889	0	0	0	0	0	PointingTarget	False
6.062744	3.300356	0	0	0	0	0	PointingTarget	False
6.064639	3.302251	0	0	0	0	0	PointingTarget	False
6.066661	3.304276	0	0	0	0	0	PointingTarget	False
6.068482	3.306095	0	0	0	0	0	PointingTarget	False
6.070243	3.307856	0	0	0	0	0	PointingTarget	False
6.071882	3.309495	0	0	0	0	0	PointingTarget	False
6.074333	3.311946	0	0	0	0	0	PointingTarget	False
6.076291	3.313903	0	0	0	0	0	PointingTarget	False
6.077896	3.315508	0	0	0	0	0	PointingTarget	False
6.079431	3.317043	0	0	0	0	0	PointingTarget	False
6.08103	3.318642	0	0	0	0	0	PointingTarget	False
6.082598	3.32021	0	0	0	0	0	PointingTarget	False
6.084174	3.321786	0	0	0	0	0	PointingTarget	False
6.085775	3.323387	0	0	0	0	0	PointingTarget	False
6.087381	3.324993	0	0	0	0	0	PointingTarget	False
6.088974	3.326586	0	0	0	0	0	PointingTarget	False
6.090581	3.328193	0	0	0	0	0	PointingTarget	False
6.09232	3.329932	0	0	0	0	0	PointingTarget	False
6.094233	3.331845	0	0	0	0	0	PointingTarget	False
6.095962	3.333575	0	0	0	0	0	PointingTarget	False
6.09853	3.336143	0	0	0	0	0	PointingTarget	False
6.100706	3.338318	0	0	0	0	0	PointingTarget	False
6.103361	3.340974	0	0	0	0	0	PointingTarget	False
6.105214	3.342826	0	0	0	0	0	PointingTarget	False
6.106944	3.344556	0	0	0	0	0	PointingTarget	False
6.10937	3.346982	0	0	0	0	0	PointingTarget	False
6.111082	3.348694	0	0	0	0	0	PointingTarget	False
6.112806	3.350419	0	0	0	0	0	PointingTarget	False
6.114367	3.351979	0	0	0	0	0	PointingTarget	False
6.115921	3.353534	0	0	0	0	0	PointingTarget	False
6.117651	3.355263	0	0	0	0	0	PointingTarget	False
6.11993	3.357542	0	0	0	0	0	PointingTarget	False
6.121899	3.359511	0	0	0	0	0	PointingTarget	False
6.123514	3.361126	0	0	0	0	0	PointingTarget	False
6.124999	3.362611	0	0	0	0	0	PointingTarget	False
6.126449	3.364061	0	0	0	0	0	PointingTarget	False
6.127953	3.365565	0	0	0	0	0	PointingTarget	False
6.129611	3.367224	0	0	0	0	0	PointingTarget	False
6.132551	3.370164	0	0	0	0	0	PointingTarget	False
6.134823	3.372437	0	0	0	0	0	PointingTarget	False
6.137496	3.375108	0	0	0	0	0	PointingTarget	False
6.139238	3.37685	0	0	0	0	0	PointingTarget	False
6.141385	3.378997	0	0	0	0	0	PointingTarget	False
6.14354	3.381153	0	0	0	0	0	PointingTarget	False
6.145255	3.382867	0	0	0	0	0	PointingTarget	False
6.147023	3.384635	0	0	0	0	0	PointingTarget	False
6.148737	3.386349	0	0	0	0	0	PointingTarget	False
6.150593	3.388206	0	0	0	0	0	PointingTarget	False
6.152241	3.389853	0	0	0	0	0	PointingTarget	False
6.154014	3.391626	0	0	0	0	0	PointingTarget	False
6.15578	3.393392	0	0	0	0	0	PointingTarget	False
6.157338	3.394949	0	0	0	0	0	PointingTarget	False
6.158913	3.396524	0	0	0	0	0	PointingTarget	False
6.16045	3.398062	0	0	0	0	0	PointingTarget	False
6.16192	3.399532	0	0	0	0	0	PointingTarget	False
6.163451	3.401063	0	0	0	0	0	PointingTarget	False
6.165946	3.403558	0	0	0	0	0	PointingTarget	False
6.167893	3.405505	0	0	0	0	0	PointingTarget	False
6.169756	3.407368	0	0	0	0	0	PointingTarget	False
6.171442	3.409054	0	0	0	0	0	PointingTarget	False
6.173192	3.410805	0	0	0	0	0	PointingTarget	False
6.175416	3.413029	0	0	0	0	0	PointingTarget	False
6.177664	3.415276	0	0	0	0	0	PointingTarget	False
6.179287	3.4169	0	0	0	0	0	PointingTarget	False
6.1809	3.418512	0	0	0	0	0	PointingTarget	False
6.182487	3.420099	0	0	0	0	0	PointingTarget	False
6.184008	3.42162	0	0	0	0	0	PointingTarget	False
6.185496	3.423108	0	0	0	0	0	PointingTarget	False
6.187065	3.424677	0	0	0	0	0	PointingTarget	False
6.188666	3.426279	0	0	0	0	0	PointingTarget	False
6.190197	3.427809	0	0	0	0	0	PointingTarget	False
6.191722	3.429334	0	0	0	0	0	PointingTarget	False
6.193387	3.430999	0	0	0	0	0	PointingTarget	False
6.194916	3.432528	0	0	0	0	0	PointingTarget	False
6.196428	3.434041	0	0	0	0	0	PointingTarget	False
6.198574	3.436186	0	0	0	0	0	PointingTarget	False
6.200688	3.438301	0	0	0	0	0	PointingTarget	False
6.202585	3.440197	0	0	0	0	0	PointingTarget	False
6.204311	3.441923	0	0	0	0	0	PointingTarget	False
6.205957	3.443569	0	0	0	0	0	PointingTarget	False
6.208189	3.445802	0	0	0	0	0	PointingTarget	False
6.210134	3.447746	0	0	0	0	0	PointingTarget	False
6.211853	3.449465	0	0	0	0	0	PointingTarget	False
6.214051	3.451663	0	0	0	0	0	PointingTarget	False
6.215925	3.453537	0	0	0	0	0	PointingTarget	False
6.217612	3.455225	0	0	0	0	0	PointingTarget	False
6.219625	3.457237	0	0	0	0	0	PointingTarget	False
6.221257	3.458869	0	0	0	0	0	PointingTarget	False
6.229817	3.46743	0	0	0	0	0	PointingTarget	False
6.231914	3.469526	0	0	0	0	0	PointingTarget	False
6.233966	3.471579	0	0	0	0	0	PointingTarget	False
6.235794	3.473405	0	0	0	0	0	PointingTarget	False
6.237571	3.475184	0	0	0	0	0	PointingTarget	False
6.239618	3.477231	0	0	0	0	0	PointingTarget	False
6.242086	3.479699	0	0	0	0	0	PointingTarget	False
6.244056	3.481668	0	0	0	0	0	PointingTarget	False
6.24568	3.483293	0	0	0	0	0	PointingTarget	False
6.247252	3.484865	0	0	0	0	0	PointingTarget	False
6.248796	3.486408	0	0	0	0	0	PointingTarget	False
6.250296	3.487908	0	0	0	0	0	PointingTarget	False
6.252014	3.489626	0	0	0	0	0	PointingTarget	False
6.25388	3.491492	0	0	0	0	0	PointingTarget	False
6.255538	3.49315	0	0	0	0	0	PointingTarget	False
6.257036	3.494648	0	0	0	0	0	PointingTarget	False
6.258631	3.496243	0	0	0	0	0	PointingTarget	False
6.260118	3.49773	0	0	0	0	0	PointingTarget	False
6.261578	3.499193	0	0	0	0	0	PointingTarget	False
6.263043	3.500656	0	0	0	0	0	PointingTarget	False
6.265073	3.502685	0	0	0	0	0	PointingTarget	False
6.266857	3.504469	0	0	0	0	0	PointingTarget	False
6.26884	3.506452	0	0	0	0	0	PointingTarget	False
6.270595	3.508206	0	0	0	0	0	PointingTarget	False
6.272214	3.509826	0	0	0	0	0	PointingTarget	False
6.274915	3.512528	0	0	0	0	0	PointingTarget	False
6.276844	3.514456	0	0	0	0	0	PointingTarget	False
6.278496	3.516109	0	0	0	0	0	PointingTarget	False
6.280039	3.517651	0	0	0	0	0	PointingTarget	False
6.281559	3.519171	0	0	0	0	0	PointingTarget	False
6.28312	3.520732	0	0	0	0	0	PointingTarget	False
6.284606	3.522218	0	0	0	0	0	PointingTarget	False
6.2862	3.523811	0	0	0	0	0	PointingTarget	False
6.287858	3.525469	0	0	0	0	0	PointingTarget	False
6.289452	3.527064	0	0	0	0	0	PointingTarget	False
6.291128	3.52874	0	0	0	0	0	PointingTarget	False
6.292717	3.530329	0	0	0	0	0	PointingTarget	False
6.294176	3.531789	0	0	0	0	0	PointingTarget	False
6.295595	3.533207	0	0	0	0	0	PointingTarget	False
6.2971	3.534712	0	0	0	0	0	PointingTarget	False
6.299079	3.536691	0	0	0	0	0	PointingTarget	False
6.300824	3.538436	0	0	0	0	0	PointingTarget	False
6.302594	3.540206	0	0	0	0	0	PointingTarget	False
6.304263	3.541874	0	0	0	0	0	PointingTarget	False
6.305839	3.543451	0	0	0	0	0	PointingTarget	False
6.308629	3.546242	0	0	0	0	0	PointingTarget	False
6.310455	3.548068	0	0	0	0	0	PointingTarget	False
6.312039	3.549652	0	0	0	0	0	PointingTarget	False
6.313775	3.551387	0	0	0	0	0	PointingTarget	False
6.315485	3.553098	0	0	0	0	0	PointingTarget	False
6.317006	3.554618	0	0	0	0	0	PointingTarget	False
6.318674	3.556286	0	0	0	0	0	PointingTarget	False
6.320582	3.558194	0	0	0	0	0	PointingTarget	False
6.322505	3.560116	0	0	0	0	0	PointingTarget	False
6.32417	3.561782	0	0	0	0	0	PointingTarget	False
6.325831	3.563443	0	0	0	0	0	PointingTarget	False
6.327439	3.565051	0	0	0	0	0	PointingTarget	False
6.329027	3.566639	0	0	0	0	0	PointingTarget	False
6.330567	3.568179	0	0	0	0	0	PointingTarget	False
6.332767	3.570379	0	0	0	0	0	PointingTarget	False
6.334662	3.572274	0	0	0	0	0	PointingTarget	False
6.336506	3.574118	0	0	0	0	0	PointingTarget	False
6.338492	3.576104	0	0	0	0	0	PointingTarget	False
6.34049	3.578103	0	0	0	0	0	PointingTarget	False
6.34278	3.580391	0	0	0	0	0	PointingTarget	False
6.344502	3.582115	0	0	0	0	0	PointingTarget	False
6.346095	3.583707	0	0	0	0	0	PointingTarget	False
6.347719	3.585331	0	0	0	0	0	PointingTarget	False
6.349309	3.586921	0	0	0	0	0	PointingTarget	False
6.351047	3.588659	0	0	0	0	0	PointingTarget	False
6.352899	3.590511	0	0	0	0	0	PointingTarget	False
6.354618	3.592229	0	0	0	0	0	PointingTarget	False
6.356231	3.593843	0	0	0	0	0	PointingTarget	False
6.357789	3.595401	0	0	0	0	0	PointingTarget	False
6.359312	3.596924	0	0	0	0	0	PointingTarget	False
6.360843	3.598455	0	0	0	0	0	PointingTarget	False
6.362368	3.59998	0	0	0	0	0	PointingTarget	False
6.364105	3.601717	0	0	0	0	0	PointingTarget	False
6.36614	3.603753	0	0	0	0	0	PointingTarget	False
6.367945	3.605557	0	0	0	0	0	PointingTarget	False
6.369769	3.60738	0	0	0	0	0	PointingTarget	False
6.371391	3.609003	0	0	0	0	0	PointingTarget	False
6.373242	3.610856	0	0	0	0	0	PointingTarget	False
6.37565	3.613263	0	0	0	0	0	PointingTarget	False
6.377344	3.614956	0	0	0	0	0	PointingTarget	False
6.378872	3.616484	0	0	0	0	0	PointingTarget	False
6.38043	3.618042	0	0	0	0	0	PointingTarget	False
6.381967	3.619579	0	0	0	0	0	PointingTarget	False
6.383601	3.621213	0	0	0	0	0	PointingTarget	False
6.385213	3.622825	0	0	0	0	0	PointingTarget	False
6.386771	3.624382	0	0	0	0	0	PointingTarget	False
6.388344	3.625956	0	0	0	0	0	PointingTarget	False
6.389899	3.627511	0	0	0	0	0	PointingTarget	False
6.391463	3.629076	0	0	0	0	0	PointingTarget	False
6.393177	3.630789	0	0	0	0	0	PointingTarget	False
6.394848	3.63246	0	0	0	0	0	PointingTarget	False
6.39634	3.633952	0	0	0	0	0	PointingTarget	False
6.398624	3.636237	0	0	0	0	0	PointingTarget	False
6.400824	3.638437	0	0	0	0	0	PointingTarget	False
6.402996	3.640608	0	0	0	0	0	PointingTarget	False
6.405182	3.642794	0	0	0	0	0	PointingTarget	False
6.407226	3.644838	0	0	0	0	0	PointingTarget	False
6.410209	3.64782	0	0	0.005	0	0.1	PointingTarget	False
6.41201	3.649621	0	0	0.005	0	0	PointingTarget	False
6.413955	3.651584	0	0	0.005	0	0	PointingTarget	False
6.415787	3.653399	0	0	0.005	0	0	PointingTarget	False
6.417738	3.65535	0	0	0.005	0	0	PointingTarget	False
6.419405	3.657017	0	0	0.005	0	0	PointingTarget	False
6.42134	3.658952	0	0	0.005	0	0	PointingTarget	False
6.423034	3.660645	0	0	0.005	0	0	PointingTarget	False
6.425176	3.662787	0.0075	0	0.025	0.15	0.4	PointingTarget	False
6.42684	3.664452	0.0075	0	0.025	0	0	PointingTarget	False
6.428364	3.665975	0.0075	0	0.025	0	0	PointingTarget	False
6.430685	3.668297	0.0075	0	0.025	0	0	PointingTarget	False
6.436008	3.67362	0.0125	0	0.0475	0.1	0.45	PointingTarget	False
6.438148	3.675759	0.0125	0	0.0475	0	0	PointingTarget	False
6.440433	3.678044	0.015	0	0.0575	0.05	0.2	PointingTarget	False
6.44285	3.680461	0.015	0	0.0575	0	0	PointingTarget	False
6.444477	3.682089	0.015	0	0.0575	0	0	PointingTarget	False
6.446054	3.683666	0.015	0	0.0575	0	0	PointingTarget	False
6.447619	3.685231	0.015	0	0.0575	0	0	PointingTarget	False
6.449543	3.687154	0.0175	0	0.07750001	0.05	0.4	PointingTarget	False
6.451088	3.6887	0.0175	0	0.07750001	0	0	PointingTarget	False
6.452929	3.690541	0.0175	0	0.07750001	0	0	PointingTarget	False
6.454468	3.69208	0.0175	0	0.07750001	0	0	PointingTarget	False
6.455929	3.69354	0.0175	0	0.07750001	0	0	PointingTarget	False
6.457387	3.694999	0.0175	0	0.07750001	0	0	PointingTarget	False
6.459118	3.69673	0.0175	0	0.105	0	0.55	PointingTarget	False
6.460644	3.698255	0.0175	0	0.105	0	0	PointingTarget	False
6.462096	3.699708	0.0175	0	0.105	0	0	PointingTarget	False
6.463877	3.701488	0.0175	0	0.105	0	0	PointingTarget	False
6.465958	3.703569	0.0175	0	0.105	0	0	PointingTarget	False
6.46778	3.705391	0.0175	0	0.105	0	0	PointingTarget	False
6.469964	3.707575	0.0175	0	0.1225	0	0.35	PointingTarget	False
6.47166	3.709272	0.0175	0	0.1225	0	0	PointingTarget	False
6.475138	3.712749	0.0175	0	0.1225	0	0	PointingTarget	True
6.475436	3.713052	0.0175	0	0.1225	0	0	PointingTarget	True
