Target_pos_z	0.35
Target_color	green
SessionTime	TrialTime	Cursor_posx	Cursor_posy	Cursor_posz	MouseX	MouseY	Phase	TargetAchieved
6.483322	1.907349E-06	0	0	0	0	0	chrono	False
6.486705	0.003384113	0	0	0	0	0.15	chrono	False
6.488727	0.005405903	0	0	0	0	0	chrono	False
6.49055	0.007229328	0	0	0	0	0	chrono	False
6.492424	0.009103775	0	0	0	0	0	chrono	False
6.494761	0.01144123	0	0	0	0	0.5	chrono	False
6.496395	0.0130744	0	0	0	0	0	chrono	False
6.498124	0.01480389	0	0	0	0	0	chrono	False
6.500475	0.01715469	0	0	0	0	0	chrono	False
6.502434	0.01911354	0	0	0	0	0	chrono	False
6.50493	0.02160883	0	0	0	0	0.25	chrono	False
6.507011	0.0236907	0	0	0	0	0	chrono	False
6.509272	0.02595186	0	0	0	0	0	chrono	False
6.511932	0.02861166	0	0	0	0	0	chrono	False
6.513754	0.03043413	0	0	0	0	0	chrono	False
6.515748	0.03242731	0	0	0	0.05	0.4	chrono	False
6.517365	0.03404474	0	0	0	0	0	chrono	False
6.518942	0.03562164	0	0	0	0	0	chrono	False
6.520607	0.03728724	0	0	0	0	0	chrono	False
6.522688	0.03936768	0	0	0	0	0	chrono	False
6.524953	0.04163265	0	0	0	0	0.25	chrono	False
6.526518	0.04319715	0	0	0	0	0	chrono	False
6.528028	0.0447073	0	0	0	0	0	chrono	False
6.529528	0.04620743	0	0	0	0	0	chrono	False
6.531699	0.04837847	0	0	0	0	0.25	chrono	False
6.53384	0.05051947	0	0	0	0	0	chrono	False
6.535932	0.05261135	0	0	0	0	0	chrono	False
6.537771	0.05445051	0	0	0	0	0	chrono	False
6.53945	0.05612898	0	0	0	0	0	chrono	False
6.542225	0.05890465	0	0	0	-0.05	0.2	chrono	False
6.543946	0.06062555	0	0	0	0	0	chrono	False
6.545461	0.06214046	0	0	0	0	0	chrono	False
6.547085	0.06376457	0	0	0	0	0	chrono	False
6.548628	0.06530714	0	0	0	0	0	chrono	False
6.550549	0.06722784	0	0	0	0	0.25	chrono	False
6.552129	0.06880808	0	0	0	0	0	chrono	False
6.553844	0.07052374	0	0	0	0	0	chrono	False
6.55545	0.07212925	0	0	0	0	0	chrono	False
6.556924	0.07360363	0	0	0	0	0	chrono	False
6.558364	0.0750432	0	0	0	0	0	chrono	False
6.559804	0.07648325	0	0	0	0	0	chrono	False
6.561524	0.07820272	0	0	0	0	0.25	chrono	False
6.563015	0.07969379	0	0	0	0	0	chrono	False
6.564992	0.08167124	0	0	0	0	0	chrono	False
6.566809	0.08348799	0	0	0	0	0	chrono	False
6.568787	0.08546591	0	0	0	0	0	chrono	False
6.570884	0.08756351	0	0	0	0	0.15	chrono	False
6.572807	0.0894866	0	0	0	0	0	chrono	False
6.576089	0.09276867	0	0	0	0	0.05	chrono	False
6.577779	0.0944581	0	0	0	0	0	chrono	False
6.579263	0.09594154	0	0	0	0	0	chrono	False
6.580752	0.09743214	0	0	0	0	0	chrono	False
6.582275	0.09895468	0	0	0	0	0	chrono	False
6.583776	0.1004558	0	0	0	0	0	chrono	False
6.585257	0.1019363	0	0	0	0	0	chrono	False
6.587302	0.103981	0	0	0	0	0.05	chrono	False
6.58893	0.1056089	0	0	0	0	0	chrono	False
6.59037	0.107049	0	0	0	0	0	chrono	False
6.591801	0.10848	0	0	0	0	0	chrono	False
6.593373	0.1100521	0	0	0	0	0	chrono	False
6.594865	0.1115441	0	0	0	0	0	chrono	False
6.596322	0.1130009	0	0	0	0	0	chrono	False
6.598023	0.1147037	0	0	0	0	0	chrono	False
6.600792	0.1174717	0	0	0	0	0.05	chrono	False
6.602674	0.1193538	0	0	0	0	0	chrono	False
6.604449	0.1211276	0	0	0	0	0	chrono	False
6.606132	0.1228113	0	0	0	0	0	chrono	False
6.608308	0.1249876	0	0	0	0	0	chrono	False
6.610311	0.1269903	0	0	0	0	0	chrono	False
6.611854	0.1285334	0	0	0	0	0	chrono	False
6.613755	0.1304345	0	0	0	0	0	chrono	False
6.61573	0.13241	0	0	0	0	0	chrono	False
6.617511	0.1341906	0	0	0	0	0	chrono	False
6.619171	0.1358504	0	0	0	0	0	chrono	False
6.620859	0.1375384	0	0	0	0	0	chrono	False
6.622712	0.1393914	0	0	0	0	0	chrono	False
6.624423	0.1411023	0	0	0	0	0	chrono	False
6.626157	0.1428361	0	0	0	0	0	chrono	False
6.627741	0.1444206	0	0	0	0	0	chrono	False
6.629276	0.1459551	0	0	0	0	0	chrono	False
6.631396	0.1480751	0	0	0	0	0	chrono	False
6.633784	0.1504631	0	0	0	0	0	chrono	False
6.635908	0.1525869	0	0	0	0	0	chrono	False
6.637794	0.1544733	0	0	0	0	0	chrono	False
6.639582	0.1562614	0	0	0	0	0	chrono	False
6.642159	0.1588383	0	0	0	0	0	chrono	False
6.64435	0.1610293	0	0	0	0	0	chrono	False
6.646636	0.1633153	0	0	0	0	0	chrono	False
6.648779	0.1654615	0	0	0	0	0	chrono	False
6.650581	0.1672602	0	0	0	0	0	chrono	False
6.652291	0.1689701	0	0	0	0	0	chrono	False
6.654187	0.1708665	0	0	0	0	0	chrono	False
6.65586	0.1725397	0	0	0	0	0	chrono	False
6.657492	0.1741714	0	0	0	0	0	chrono	False
6.658964	0.1756434	0	0	0	0	0	chrono	False
6.660591	0.1772704	0	0	0	0	0	chrono	False
6.662124	0.178803	0	0	0	0	0	chrono	False
6.663635	0.1803145	0	0	0	0	0	chrono	False
6.665685	0.182364	0	0	0	0	0	chrono	False
6.667478	0.1841569	0	0	0	0	0	chrono	False
6.66927	0.1859493	0	0	0	0	0	chrono	False
6.670893	0.187572	0	0	0	0	0	chrono	False
6.672842	0.1895208	0	0	0	0	0	chrono	False
6.675157	0.1918368	0	0	0	0	0	chrono	False
6.677076	0.1937551	0	0	0	0	0	chrono	False
6.678723	0.1954026	0	0	0	0	0	chrono	False
6.680279	0.1969581	0	0	0	0	0	chrono	False
6.6818	0.1984801	0	0	0	0	0	chrono	False
6.683296	0.1999745	0	0	0	0	0	chrono	False
6.684792	0.2014713	0	0	0	0	0	chrono	False
6.686416	0.2030954	0	0	0	0	0	chrono	False
6.687993	0.2046719	0	0	0	0	0	chrono	False
6.689484	0.2061629	0	0	0	0	0	chrono	False
6.691094	0.2077737	0	0	0	0	0	chrono	False
6.69282	0.2094994	0	0	0	0	0	chrono	False
6.694542	0.2112212	0	0	0	0	0	chrono	False
6.696159	0.2128386	0	0	0	0	0	chrono	False
6.697781	0.2144608	0	0	0	0	0	chrono	False
6.700181	0.2168598	0	0	0	0	0	chrono	False
6.702294	0.2189736	0	0	0	0	0	chrono	False
6.704288	0.2209678	0	0	0	0	0	chrono	False
6.70618	0.2228594	0	0	0	0	0	chrono	False
6.708524	0.2252035	0	0	0	0	0	chrono	False
6.710852	0.2275314	0	0	0	0	0	chrono	False
6.71248	0.2291594	0	0	0	0	0	chrono	False
6.714167	0.2308469	0	0	0	0	0	chrono	False
6.715693	0.2323723	0	0	0	0	0	chrono	False
6.717177	0.2338567	0	0	0	0	0	chrono	False
6.718675	0.2353539	0	0	0	0	0	chrono	False
6.720169	0.2368479	0	0	0	0	0	chrono	False
6.721653	0.2383323	0	0	0	0	0	chrono	False
6.723825	0.2405066	0	0	0	0	0	chrono	False
6.725779	0.2424583	0	0	0	0	0	chrono	False
6.727328	0.2440071	0	0	0	0	0	chrono	False
6.728787	0.2454667	0	0	0	0	0	chrono	False
6.730372	0.2470517	0	0	0	0	0	chrono	False
6.732523	0.2492027	0	0	0	0	0	chrono	False
6.734548	0.2512269	0	0	0	0	0	chrono	False
6.736569	0.2532487	0	0	0	0	0	chrono	False
6.738411	0.2550902	0	0	0	0	0	chrono	False
6.740322	0.2570009	0	0	0	0	0	chrono	False
6.742631	0.2593107	0	0	0	0	0	chrono	False
6.744236	0.2609148	0	0	0	0	0	chrono	False
6.745778	0.2624574	0	0	0	0	0	chrono	False
6.747426	0.2641048	0	0	0	0	0	chrono	False
6.749094	0.2657738	0	0	0	0	0	chrono	False
6.750637	0.2673163	0	0	0	0	0	chrono	False
6.752186	0.2688661	0	0	0	0	0	chrono	False
6.753987	0.2706666	0	0	0	0	0	chrono	False
6.755945	0.272624	0	0	0	0	0	chrono	False
6.757761	0.2744408	0	0	0	0	0	chrono	False
6.759493	0.2761726	0	0	0	0	0	chrono	False
6.761226	0.2779045	0	0	0	0	0	chrono	False
6.762724	0.2794042	0	0	0	0	0	chrono	False
6.764868	0.2815475	0	0	0	0	0	chrono	False
6.766796	0.2834754	0	0	0	0	0	chrono	False
6.76871	0.2853894	0	0	0	0	0	chrono	False
6.770463	0.2871428	0	0	0	0	0	chrono	False
6.77227	0.2889495	0	0	0	0	0	chrono	False
6.77486	0.2915401	0	0	0	0	0	chrono	False
6.776964	0.293644	0	0	0	0	0	chrono	False
6.778577	0.2952561	0	0	0	0	0	chrono	False
6.780103	0.296782	0	0	0	0	0	chrono	False
6.781694	0.2983732	0	0	0	0	0	chrono	False
6.783228	0.2999077	0	0	0	0	0	chrono	False
6.784721	0.3014002	0	0	0	0	0	chrono	False
6.786352	0.303031	0	0	0	0	0	chrono	False
6.787987	0.304666	0	0	0	0	0	chrono	False
6.789668	0.3063478	0	0	0	0	0	chrono	False
6.791141	0.3078198	0	0	0	0	0	chrono	False
6.792712	0.309391	0	0	0	0	0	chrono	False
6.794222	0.3109012	0	0	0	0	0	chrono	False
6.795701	0.3123803	0	0	0	0	0	chrono	False
6.797692	0.3143721	0	0	0	0	0	chrono	False
6.799663	0.3163424	0	0	0	0	0	chrono	False
6.801801	0.3184805	0	0	0	0	0	chrono	False
6.804583	0.3212624	0	0	0	0	-0.05	chrono	False
6.806765	0.3234448	0	0	0	0	0	chrono	False
6.809165	0.3258438	0	0	0	0	0	chrono	False
6.810791	0.3274698	0	0	0	0	0	chrono	False
6.812265	0.3289447	0	0	0	0	0	chrono	False
6.81389	0.3305702	0	0	0	0	0	chrono	False
6.815476	0.3321557	0	0	0	0	0	chrono	False
6.817297	0.3339758	0	0	0	0	0	chrono	False
6.819006	0.3356853	0	0	0	0	0	chrono	False
6.820604	0.3372836	0	0	0	0	0	chrono	False
6.822188	0.3388677	0	0	0	0	0	chrono	False
6.823907	0.3405862	0	0	0	0	0	chrono	False
6.825478	0.3421569	0	0	0	0	0	chrono	False
6.82727	0.3439488	0	0	0	0	-0.05	chrono	False
6.828798	0.3454776	0	0	0	0	0	chrono	False
6.830306	0.3469853	0	0	0	0	0	chrono	False
6.83244	0.3491197	0	0	0	0	0	chrono	False
6.834684	0.3513641	0	0	0	0	0	chrono	False
6.836642	0.353322	0	0	0	0	0	chrono	False
6.838287	0.3549666	0	0	0	0	0	chrono	False
6.84026	0.3569393	0	0	0	0	0	chrono	False
6.842803	0.3594818	0	0	0	0	0	chrono	False
6.844595	0.3612747	0	0	0	0	0	chrono	False
6.846148	0.3628268	0	0	0	0	0	chrono	False
6.847969	0.3646479	0	0	0	0	0	chrono	False
6.850073	0.3667521	0	0	0	-0.05	0	chrono	False
6.851596	0.3682752	0	0	0	0	0	chrono	False
6.853252	0.3699322	0	0	0	0	0	chrono	False
6.854888	0.3715672	0	0	0	0	0	chrono	False
6.856438	0.373117	0	0	0	0	0	chrono	False
6.857937	0.3746161	0	0	0	0	0	chrono	False
6.859401	0.37608	0	0	0	0	0	chrono	False
6.861002	0.3776813	0	0	0	0	0	chrono	False
6.862633	0.3793125	0	0	0	0	0	chrono	False
6.864317	0.3809967	0	0	0	0	0	chrono	False
6.866601	0.3832812	0	0	0	0	0	chrono	False
6.868732	0.3854122	0	0	0	0	0	chrono	False
6.870829	0.3875079	0	0	0	0	0	chrono	False
6.872489	0.3891687	0	0	0	0	0	chrono	False
6.874849	0.3915286	0	0	0	0	0	chrono	False
6.877213	0.3938918	0	0	0	0	0	chrono	False
6.878876	0.395555	0	0	0	0	0	chrono	False
6.880594	0.397274	0	0	0	0	0	chrono	False
6.882284	0.3989635	0	0	0	0	0	chrono	False
6.884026	0.4007049	0	0	0	0	0	chrono	False
6.885655	0.4023347	0	0	0	0	0	chrono	False
6.887506	0.4041848	0	0	0	0	0	chrono	False
6.889162	0.4058414	0	0	0	0	0	chrono	False
6.890638	0.4073176	0	0	0	0	0	chrono	False
6.8921	0.4087796	0	0	0	0	0	chrono	False
6.893676	0.410356	0	0	0	0	0	chrono	False
6.895268	0.4119473	0	0	0	0	0	chrono	False
6.896835	0.4135151	0	0	0	0	0	chrono	False
6.898872	0.4155517	0	0	0	0	0	chrono	False
6.900909	0.4175887	0	0	0	0	0	chrono	False
6.903203	0.4198823	0	0	0	0	0	chrono	False
6.905364	0.4220438	0	0	0	0	0	chrono	False
6.907107	0.4237866	0	0	0	0	0	chrono	False
6.909174	0.4258542	0	0	0	0	0	chrono	False
6.911345	0.4280248	0	0	0	0	0	chrono	False
6.920183	0.436862	0	0	0	0	0	chrono	False
6.922023	0.4387031	0	0	0	0	0	chrono	False
6.923656	0.4403348	0	0	0	0	0	chrono	False
6.925442	0.442121	0	0	0	0	0	chrono	False
6.927482	0.4441609	0	0	0	0	0	chrono	False
6.929106	0.4457855	0	0	0	0	0	chrono	False
6.931054	0.4477358	0	0	0	0	0	chrono	False
6.933119	0.4497986	0	0	0	0	0	chrono	False
6.934982	0.4516616	0	0	0	0	0	chrono	False
6.936718	0.4533968	0	0	0	0	0	chrono	False
6.938349	0.4550281	0	0	0	0	0	chrono	False
6.940479	0.4571581	0	0	0	0	0	chrono	False
6.942502	0.4591818	0	0	0	0	0	chrono	False
6.944101	0.4607806	0	0	0	0	0	chrono	False
6.946002	0.4626813	0	0	0	0	0	chrono	False
6.947668	0.4643469	0	0	0	0	0	chrono	False
6.949308	0.4659872	0	0	0	0	0	chrono	False
6.950987	0.4676666	0	0	0	0	0	chrono	False
6.952764	0.4694433	0	0	0	0	0	chrono	False
6.954643	0.4713259	0	0	0	0	0	chrono	False
6.956259	0.4729385	0	0	0	0	0	chrono	False
6.957902	0.4745817	0	0	0	0	0	chrono	False
6.959635	0.4763141	0	0	0	0	0	chrono	False
6.961057	0.477736	0	0	0	0	0	chrono	False
6.962513	0.4791927	0	0	0	0	0	chrono	False
6.964541	0.4812207	0	0	0	0	0	chrono	False
6.96667	0.4833488	0	0	0	0	0	chrono	False
6.968568	0.4852505	0	0	0	0	0	chrono	False
6.970496	0.4871755	0	0	0	0	0	chrono	False
6.972838	0.489521	0	0	0	0	0	chrono	False
6.975448	0.4921274	0	0	0	0	0	chrono	False
6.977047	0.4937263	0	0	0	0	0	chrono	False
6.978544	0.4952235	0	0	0	0	0	chrono	False
6.980214	0.4968934	0	0	0	0	0	chrono	False
6.981944	0.4986229	0	0	0	0	0	chrono	False
6.983634	0.5003133	0	0	0	0	0	chrono	False
6.985825	0.5025043	0	0	0	0	0.1	chrono	False
6.987346	0.5040255	0	0	0	0	0	chrono	False
6.98878	0.5054588	0	0	0	0	0	chrono	False
6.990223	0.5069032	0	0	0	0	0	chrono	False
6.991623	0.5083022	0	0	0	0	0	chrono	False
6.993182	0.5098615	0	0	0	0	0	chrono	False
6.995188	0.5118666	0	0	0	0	0.25	chrono	False
6.996736	0.5134153	0	0	0	0	0	chrono	False
6.998788	0.5154676	0	0	0	0	0	chrono	False
7.000573	0.517252	0	0	0	0	0	chrono	False
7.002394	0.5190735	0	0	0	0	0	chrono	False
7.004008	0.5206881	0	0	0	0	0	chrono	False
7.006512	0.5231905	0	0	0	0	0.4	chrono	False
7.008954	0.5256333	0	0	0	0	0	chrono	False
7.010863	0.5275426	0	0	0	0	0	chrono	False
7.012453	0.5291324	0	0	0	0	0	chrono	False
7.014172	0.5308509	0	0	0	0	0	chrono	False
7.016603	0.5332818	0	0	0	0.05	0.5	chrono	False
7.018299	0.5349784	0	0	0	0	0	chrono	False
7.020111	0.5367908	0	0	0	0	0	chrono	False
7.022583	0.5392618	0	0	0	0	0.15	chrono	False
7.024256	0.540935	0	0	0	0	0	chrono	False
7.026059	0.5427384	0	0	0	0	0	chrono	False
7.027875	0.5445547	0	0	0	0	0	chrono	False
7.029708	0.5463872	0	0	0	0	0	chrono	False
7.033167	0.5498471	0	0	0	0.1	0.6	chrono	False
7.035525	0.5522046	0	0	0	0	0	chrono	False
7.038129	0.5548081	0	0	0	0	0	chrono	False
7.040005	0.556684	0	0	0	0	0	chrono	False
7.042538	0.5592175	0	0	0	0	0.5	chrono	False
7.044825	0.5615039	0	0	0	0	0	chrono	False
7.046684	0.5633636	0	0	0	0	0	chrono	False
7.048822	0.5655022	0	0	0	0	0	chrono	False
7.051232	0.5679111	0	0	0	0.05	0.5	chrono	False
7.053013	0.5696931	0	0	0	0	0	chrono	False
7.05457	0.5712495	0	0	0	0	0	chrono	False
7.056143	0.572823	0	0	0	0	0	chrono	False
7.057618	0.574297	0	0	0	0	0	chrono	False
7.059855	0.5765343	0	0	0	0	0.35	chrono	False
7.061428	0.5781069	0	0	0	0	0	chrono	False
7.062899	0.5795784	0	0	0	0	0	chrono	False
7.064456	0.5811357	0	0	0	0	0	chrono	False
7.066485	0.5831642	0	0	0	0	0	chrono	False
7.068855	0.5855346	0	0	0	0	0.35	chrono	False
7.071091	0.58777	0	0	0	0	0	chrono	False
7.073117	0.589797	0	0	0	0	0	chrono	False
7.075882	0.5925617	0	0	0	0	0.1	chrono	False
7.07802	0.5946989	0	0	0	0	0	chrono	False
7.079714	0.5963931	0	0	0	0	0	chrono	False
7.081452	0.5981312	0	0	0	0	0	chrono	False
7.083287	0.599966	0	0	0	0	0	chrono	False
7.085419	0.6020989	0	0	0	0	0.2	chrono	False
7.087023	0.6037021	0	0	0	0	0	chrono	False
7.08885	0.6055288	0	0	0	0	0	chrono	False
7.090577	0.6072559	0	0	0	0	0	chrono	False
7.092167	0.6088462	0	0	0	0	0	chrono	False
7.09377	0.6104493	0	0	0	0	0	chrono	False
7.096049	0.6127286	0	0	0	0	0.2	chrono	False
7.097953	0.6146321	0	0	0	0	0	chrono	False
7.100154	0.6168337	0	0	0	0	0	chrono	False
7.102129	0.6188087	0	0	0	0	0	chrono	False
7.103964	0.6206431	0	0	0	0	0	chrono	False
7.105961	0.6226406	0	0	0	0	0.15	chrono	False
7.108303	0.6249824	0	0	0	0	0	chrono	False
7.110425	0.6271048	0	0	0	0	0	chrono	False
7.112088	0.628767	0	0	0	0	0	chrono	False
7.113974	0.6306534	0	0	0	0	0	chrono	False
7.116836	0.6335154	0	0	0	0	0.15	chrono	False
7.119207	0.6358871	0	0	0	0	0.1	chrono	False
7.120889	0.637569	0	0	0	0	0	chrono	False
7.122451	0.6391301	0	0	0	0	0	chrono	False
7.124028	0.640707	0	0	0	0	0	chrono	False
7.125456	0.6421351	0	0	0	0	0	chrono	False
7.12699	0.6436691	0	0	0	0	0	chrono	False
7.129053	0.6457324	0	0	0	0	0.05	chrono	False
7.131342	0.6480217	0	0	0	0	0	chrono	False
7.133634	0.6503134	0	0	0	0	0	chrono	False
7.135795	0.6524739	0	0	0	0	0	chrono	False
7.137626	0.6543055	0	0	0	0	0	chrono	False
7.139265	0.6559439	0	0	0	0	0	chrono	False
7.142328	0.6590071	0	0	0	0	0.1	chrono	False
7.144401	0.6610794	0	0	0	0	0	chrono	False
7.145956	0.6626353	0	0	0	0	0	chrono	False
7.147535	0.6642146	0	0	0	0	0	chrono	False
7.149155	0.6658344	0	0	0	0	0	chrono	False
7.150814	0.6674933	0	0	0	0	0	chrono	False
7.152339	0.6690183	0	0	0	0	0	chrono	False
7.154147	0.6708264	0	0	0	0	0	chrono	False
7.155845	0.6725245	0	0	0	0	0	chrono	False
7.157385	0.6740646	0	0	0	0	0	chrono	False
7.158966	0.6756454	0	0	0	0	0	chrono	False
7.160662	0.677341	0	0	0	0	0	chrono	False
7.162218	0.6788974	0	0	0	0	0	chrono	False
7.163837	0.6805167	0	0	0	0	0	chrono	False
7.166102	0.6827812	0	0	0	0	0	chrono	False
7.16796	0.6846395	0	0	0	0	0	chrono	False
7.169765	0.6864448	0	0	0	0	0	chrono	False
7.171527	0.6882062	0	0	0	0	0	chrono	False
7.173748	0.6904278	0	0	0	0	0	chrono	False
7.17697	0.6936488	0	0	0	0	0.05	chrono	False
7.178807	0.6954865	0	0	0	0	0	chrono	False
7.180382	0.697062	0	0	0	0	0	chrono	False
7.18189	0.6985688	0	0	0	0	0	chrono	False
7.183419	0.7000985	0	0	0	0	0	chrono	False
7.185622	0.702301	0	0	0	0	0.1	chrono	False
7.187317	0.7039971	0	0	0	0	0	chrono	False
7.188902	0.7055817	0	0	0	0	0	chrono	False
7.190553	0.707232	0	0	0	0	0	chrono	False
7.192183	0.7088618	0	0	0	0	0	chrono	False
7.193768	0.7104468	0	0	0	0	0	chrono	False
7.195601	0.7122798	0	0	0	0	0.15	chrono	False
7.197439	0.714118	0	0	0	0	0	chrono	False
7.199397	0.7160759	0	0	0	0	0	chrono	False
7.201196	0.717876	0	0	0	0	0	chrono	False
7.202933	0.7196126	0	0	0	0	0	chrono	False
7.204929	0.7216082	0	0	0	0.05	0.15	chrono	False
7.207227	0.723906	0	0	0	0	0	chrono	False
7.209245	0.725924	0	0	0	0	0	chrono	False
7.210829	0.7275081	0	0	0	0	0	chrono	False
7.212416	0.7290955	0	0	0	0	0	chrono	False
7.214094	0.7307734	0	0	0	0	0	chrono	False
7.215731	0.73241	0	0	0	0	0	chrono	False
7.218235	0.7349148	0	0	0	0	0.1	chrono	False
7.219759	0.7364388	0	0	0	0	0	chrono	False
7.221556	0.7382355	0	0	0	0	0.15	chrono	False
7.223113	0.7397923	0	0	0	0	0	chrono	False
7.224596	0.7412753	0	0	0	0	0	chrono	False
7.226211	0.7428899	0	0	0	0	0	chrono	False
7.227854	0.7445331	0	0	0	0	0	chrono	False
7.229493	0.7461724	0	0	0	0	0	chrono	False
7.23211	0.7487888	0	0	0	0	0.25	chrono	False
7.234555	0.7512341	0	0	0	0	0	chrono	False
7.23654	0.7532196	0	0	0	0	0	chrono	False
7.238346	0.7550254	0	0	0	0	0	chrono	False
7.240838	0.7575169	0	0	0	0	0.15	chrono	False
7.24315	0.7598295	0	0	0	0	0	chrono	False
7.244843	0.7615228	0	0	0	0	0	chrono	False
7.246819	0.7634983	0	0	0	0	0.1	chrono	False
7.248472	0.765151	0	0	0	0	0	chrono	False
7.24999	0.7666698	0	0	0	0	0	chrono	False
7.251513	0.7681923	0	0	0	0	0	chrono	False
7.253183	0.7698627	0	0	0	0	0	chrono	False
7.254803	0.7714815	0	0	0	0	0	chrono	False
7.256825	0.7735043	0	0	0	0	0.3	chrono	False
7.258449	0.7751279	0	0	0	0	0	chrono	False
7.259991	0.7766705	0	0	0	0	0	chrono	False
7.261548	0.7782273	0	0	0	0	0	chrono	False
7.263082	0.7797613	0	0	0	0	0	chrono	False
7.264648	0.7813272	0	0	0	0	0	chrono	False
7.267109	0.7837882	0	0	0	0.05	0.2	chrono	False
7.26897	0.7856498	0	0	0	0	0	chrono	False
7.270919	0.7875986	0	0	0	0	0	chrono	False
7.272768	0.7894473	0	0	0	0	0	chrono	False
7.27526	0.7919397	0	0	0	0	0	chrono	False
7.277946	0.7946258	0	0	0	0	0.35	chrono	False
7.279712	0.7963915	0	0	0	0	0	chrono	False
7.281537	0.7982159	0	0	0	0	0	chrono	False
7.283241	0.7999201	0	0	0	0	0	chrono	False
7.284914	0.8015928	0	0	0	0	0	chrono	False
7.287199	0.8038774	0	0	0	0	0.35	chrono	False
7.288789	0.805469	0	0	0	0	0	chrono	False
7.29024	0.8069191	0	0	0	0	0	chrono	False
7.291682	0.8083611	0	0	0	0	0	chrono	False
7.293592	0.8102722	0	0	0	0	0.1	chrono	False
7.295059	0.811739	0	0	0	0	0	chrono	False
7.296673	0.8133521	0	0	0	0	0	chrono	False
7.29892	0.815599	0	0	0	0	0	chrono	False
7.30148	0.8181591	0	0	0	0	0.25	chrono	False
7.303755	0.8204346	0	0	0	0	0	chrono	False
7.305675	0.8223538	0	0	0	0	0	chrono	False
7.308143	0.8248229	0	0	0	0	0	chrono	False
7.3111	0.8277788	0	0	0	-0.05	0.35	chrono	False
7.313026	0.8297057	0	0	0	0	0	chrono	False
7.314723	0.8314028	0	0	0	0	0	chrono	False
7.316437	0.8331165	0	0	0	0	0	chrono	False
7.318045	0.8347239	0	0	0	0	0	chrono	False
7.319748	0.8364272	0	0	0	0	0	chrono	False
7.321981	0.8386602	0	0	0	0	0.2	chrono	False
7.323589	0.8402681	0	0	0	0	0	chrono	False
7.325077	0.8417559	0	0	0	0	0	chrono	False
7.326559	0.8432374	0	0	0	0	0	chrono	False
7.328066	0.8447456	0	0	0	0	0	chrono	False
7.329581	0.8462605	0	0	0	0	0	chrono	False
7.33307	0.8497496	0	0	0	0	0.3	chrono	False
7.335617	0.8522968	0	0	0	0	0	chrono	False
7.337607	0.8542867	0	0	0	0	0	chrono	False
7.339236	0.8559155	0	0	0	0	0	chrono	False
7.342032	0.8587112	0	0	0	-0.05	0.1	chrono	False
7.344102	0.8607812	0	0	0	0	0	chrono	False
7.345646	0.8623271	0	0	0	0	0	chrono	False
7.34765	0.8643289	0	0	0	0	0.1	chrono	False
7.349234	0.8659129	0	0	0	0	0	chrono	False
7.350757	0.8674364	0	0	0	0	0	chrono	False
7.35229	0.868969	0	0	0	0	0	chrono	False
7.353952	0.8706326	0	0	0	0	0	chrono	False
7.35552	0.8721991	0	0	0	0	0	chrono	False
7.357747	0.8744259	0	0	0	-0.05	0.2	chrono	False
7.359445	0.8761244	0	0	0	0	0	chrono	False
7.36122	0.8778996	0	0	0	0	0	chrono	False
7.362863	0.8795419	0	0	0	0	0	chrono	False
7.364506	0.8811855	0	0	0	0	0	chrono	False
7.367017	0.8836961	0	0	0	0	0.15	chrono	False
7.368891	0.8855705	0	0	0	0	0	chrono	False
7.370616	0.8872952	0	0	0	0	0	chrono	False
7.372204	0.8888831	0	0	0	0	0	chrono	False
7.374408	0.8910875	0	0	0	0	0	chrono	False
7.376434	0.8931131	0	0	0	0	0	chrono	False
7.378065	0.8947444	0	0	0	0	0	chrono	False
7.380014	0.8966932	0	0	0	0	0.1	chrono	False
7.381576	0.8982549	0	0	0	0	0	chrono	False
7.383124	0.8998032	0	0	0	0	0	chrono	False
7.384624	0.9013033	0	0	0	0	0	chrono	False
7.386624	0.9033036	0	0	0	-0.05	0.05	chrono	False
7.388221	0.9049006	0	0	0	0	0	chrono	False
7.389776	0.906455	0	0	0	0	0	chrono	False
7.391334	0.9080129	0	0	0	0	0	chrono	False
7.393372	0.9100513	0	0	0	-0.05	0.15	chrono	False
7.394974	0.9116545	0	0	0	0	0	chrono	False
7.396597	0.9132767	0	0	0	0	0	chrono	False
7.398064	0.9147429	0	0	0	0	0	chrono	False
7.399976	0.9166551	0	0	0	0	0	chrono	False
7.4018	0.9184794	0	0	0	0	0	chrono	False
7.404048	0.9207287	0	0	0	0	0.1	chrono	False
7.405719	0.9223986	0	0	0	0	0	chrono	False
7.407662	0.9243412	0	0	0	0	0	chrono	False
7.410108	0.9267874	0	0	0	0	0	chrono	False
7.411716	0.9283957	0	0	0	0	0	chrono	False
7.413846	0.9305253	0	0	0	-0.05	0.15	chrono	False
7.41564	0.9323196	0	0	0	0	0	chrono	False
7.417445	0.9341249	0	0	0	0	0	chrono	False
7.4191	0.9357796	0	0	0	0	0	chrono	False
7.420709	0.9373884	0	0	0	0	0	chrono	False
7.422513	0.9391923	0	0	0	0	0.05	chrono	False
7.424063	0.940743	0	0	0	0	0	chrono	False
7.425553	0.9422326	0	0	0	0	0	chrono	False
7.427016	0.9436951	0	0	0	0	0	chrono	False
7.428759	0.9454379	0	0	0	-0.05	0.1	chrono	False
7.430286	0.9469662	0	0	0	0	0	chrono	False
7.432516	0.9491954	0	0	0	0	0	chrono	False
7.434722	0.9514027	0	0	0	0	0	chrono	False
7.436629	0.9533086	0	0	0	0	0	chrono	False
7.438593	0.9552722	0	0	0	-0.05	0.1	chrono	False
7.440748	0.9574275	0	0	0	0	0	chrono	False
7.442834	0.9595132	0	0	0	0	0	chrono	False
7.444399	0.9610786	0	0	0	0	0	chrono	False
7.445916	0.9625955	0	0	0	0	0	chrono	False
7.44757	0.9642506	0	0	0	0	0	chrono	False
7.449558	0.9662371	0	0	0	-0.05	0.1	chrono	False
7.451087	0.9677653	0	0	0	0	0	chrono	False
7.452911	0.9695907	0	0	0	0	0	chrono	False
7.454628	0.9713073	0	0	0	0	0	chrono	False
7.45627	0.972949	0	0	0	0	0	chrono	False
7.457729	0.9744081	0	0	0	0	0	chrono	False
7.459168	0.9758472	0	0	0	0	0	chrono	False
7.460581	0.9772611	0	0	0	0	0	chrono	False
7.462017	0.9786959	0	0	0	0	0	chrono	False
7.463835	0.9805145	0	0	0	0	0.1	chrono	False
7.465934	0.9826136	0	0	0	0	0	chrono	False
7.467822	0.9845018	0	0	0	0	0	chrono	False
7.470228	0.986907	0	0	0	0	0.05	chrono	False
7.471833	0.9885125	0	0	0	0	0	chrono	False
7.473813	0.9904919	0	0	0	0	0	chrono	False
7.476226	0.9929061	0	0	0	0	0	chrono	False
7.481543	0.9982214	0	0	0	0	0.15	chrono	False
7.483871	1.00055	0	0	0	-0.05	0.05	chrono	False
7.485498	1.002177	0	0	0	0	0	chrono	False
7.48698	1.003659	0	0	0	0	0	chrono	False
7.488503	1.005182	0	0	0	0	0	chrono	False
7.490099	1.006782	0	0	0	0	0	chrono	False
7.491752	1.008431	0	0	0	0	0	chrono	False
7.494663	1.011343	0	0	0	0	0.15	chrono	False
7.496281	1.01296	0	0	0	0	0	chrono	False
7.497849	1.014529	0	0	0	0	0	chrono	False
7.500116	1.016796	0	0	0	0	0	chrono	False
7.502024	1.018704	0	0	0	0	0	chrono	False
7.504765	1.021444	0	0	0	-0.05	0.2	chrono	False
7.507564	1.024243	0	0	0	0	0	chrono	False
7.510154	1.026833	0	0	0	0	0	chrono	False
7.511722	1.028401	0	0	0	0	0	chrono	False
7.513806	1.030486	0	0	0	-0.05	0.2	chrono	False
7.515568	1.032247	0	0	0	0	0	chrono	False
7.517185	1.033864	0	0	0	0	0	chrono	False
7.518703	1.035382	0	0	0	0	0	chrono	False
7.520285	1.036964	0	0	0	0	0	chrono	False
7.521833	1.038513	0	0	0	0	0	chrono	False
7.523915	1.040594	0	0	0	-0.05	0.15	chrono	False
7.525339	1.042018	0	0	0	0	0	chrono	False
7.52676	1.043439	0	0	0	0	0	chrono	False
7.528187	1.044867	0	0	0	0	0	chrono	False
7.529644	1.046324	0	0	0	0	0	chrono	False
7.531831	1.048511	0	0	0	0	0	chrono	False
7.534842	1.051521	0	0	0	-0.05	0.15	chrono	False
7.537918	1.054597	0	0	0	0	0	chrono	False
7.540237	1.056917	0	0	0	0	0.05	chrono	False
7.542609	1.059289	0	0	0	0	0	chrono	False
7.544841	1.06152	0	0	0	0	0	chrono	False
7.546643	1.063323	0	0	0	0	0	chrono	False
7.548708	1.065388	0	0	0	-0.05	0.05	chrono	False
7.550411	1.06709	0	0	0	0	0	chrono	False
7.552118	1.068798	0	0	0	0	0	chrono	False
7.554371	1.071051	0	0	0	0	0	chrono	False
7.556148	1.072827	0	0	0	0	0	chrono	False
7.55875	1.075429	0	0	0	-0.05	0.1	chrono	False
7.560493	1.077172	0	0	0	0	0	chrono	False
7.562254	1.078934	0	0	0	0	0	chrono	False
7.563875	1.080554	0	0	0	0	0	chrono	False
7.565918	1.082598	0	0	0	0	0	chrono	False
7.567605	1.084284	0	0	0	0	0	chrono	False
7.569839	1.086518	0	0	0	0	0.05	chrono	False
7.571705	1.088385	0	0	0	0	0	chrono	False
7.574297	1.090977	0	0	0	-0.05	0	chrono	False
7.576875	1.093554	0	0	0	0	0	chrono	False
7.578632	1.095312	0	0	0	0	0	chrono	False
7.58022	1.0969	0	0	0	0	0	chrono	False
7.581758	1.098438	0	0	0	0	0	chrono	False
7.583283	1.099962	0	0	0	0	0	chrono	False
7.584781	1.10146	0	0	0	0	0	chrono	False
7.586292	1.102972	0	0	0	0	0	chrono	False
7.587772	1.104451	0	0	0	0	0	chrono	False
7.589218	1.105897	0	0	0	0	0	chrono	False
7.590726	1.107406	0	0	0	0	0	chrono	False
7.59227	1.108949	0	0	0	0	0	chrono	False
7.593879	1.110559	0	0	0	0	0	chrono	False
7.595317	1.111996	0	0	0	0	0	chrono	False
7.596789	1.113468	0	0	0	0	0	chrono	False
7.59832	1.114999	0	0	0	0	0	chrono	False
7.60036	1.117039	0	0	0	0	0	chrono	False
7.602036	1.118715	0	0	0	0	0	chrono	False
7.603792	1.120471	0	0	0	0	0	chrono	False
7.605379	1.122058	0	0	0	0	0	chrono	False
7.60698	1.12366	0	0	0	0	0	chrono	False
7.609303	1.125982	0	0	0	0	0	chrono	False
7.611361	1.128041	0	0	0	0	0	chrono	False
7.613746	1.130425	0	0	0	0	0	chrono	False
7.615801	1.132481	0	0	0	0	0	chrono	False
7.618406	1.135085	0	0	0	0	0	chrono	False
7.620223	1.136902	0	0	0	0	0	chrono	False
7.621847	1.138526	0	0	0	0	0	chrono	False
7.623566	1.140245	0	0	0	0	0	chrono	False
7.625142	1.141821	0	0	0	0	0	chrono	False
7.626589	1.143268	0	0	0	0	0	chrono	False
7.637221	1.153901	0	0	0	0	0	chrono	False
7.639278	1.155958	0	0	0	0	0	chrono	False
7.64097	1.15765	0	0	0	0	0	chrono	False
7.643285	1.159965	0	0	0	0	0	chrono	False
7.645085	1.161765	0	0	0	0	0	chrono	False
7.646662	1.163342	0	0	0	0	0	chrono	False
7.64826	1.164939	0	0	0	0	0	chrono	False
7.649739	1.166419	0	0	0	0	0	chrono	False
7.651251	1.16793	0	0	0	0	0	chrono	False
7.652932	1.169611	0	0	0	0	0	chrono	False
7.65462	1.171299	0	0	0	0	0	chrono	False
7.656137	1.172817	0	0	0	0	0	chrono	False
7.657585	1.174264	0	0	0	0	0	chrono	False
7.659047	1.175726	0	0	0	0	0	chrono	False
7.660465	1.177144	0	0	0	0	0	chrono	False
7.661902	1.178581	0	0	0	0	0	chrono	False
7.663365	1.180045	0	0	0	0	0	chrono	False
7.665304	1.181983	0	0	0	0	0	chrono	False
7.66726	1.183939	0	0	0	0	0	chrono	False
7.669463	1.186142	0	0	0	0	0	chrono	False
7.671422	1.188103	0	0	0	0	0	chrono	False
7.673302	1.189981	0	0	0	0	0	chrono	False
7.675637	1.192317	0	0	0	0	0	chrono	False
7.678004	1.194684	0	0	0	0	0	chrono	False
7.679811	1.19649	0	0	0	0	0	chrono	False
7.681448	1.198127	0	0	0	0	0	chrono	False
7.682974	1.199655	0	0	0	0	0	chrono	False
7.684523	1.201202	0	0	0	0	0	chrono	False
7.686222	1.202901	0	0	0	0	0	chrono	False
7.687813	1.204493	0	0	0	0	0	chrono	False
7.689355	1.206034	0	0	0	0	0	chrono	False
7.690796	1.207475	0	0	0	0	0	chrono	False
7.692221	1.2089	0	0	0	0	0	chrono	False
7.693803	1.210483	0	0	0	0	0	chrono	False
7.695225	1.211904	0	0	0	0	0	chrono	False
7.696676	1.213355	0	0	0	0	0	chrono	False
7.6986	1.215279	0	0	0	0	0	chrono	False
7.700333	1.217012	0	0	0	0	0	chrono	False
7.702491	1.219172	0	0	0	0	0	chrono	False
7.704436	1.221116	0	0	0	0	0	chrono	False
7.706106	1.222785	0	0	0	0	0	chrono	False
7.708179	1.224859	0	0	0	0	0	chrono	False
7.710376	1.227055	0	0	0	0	0	chrono	False
7.711955	1.228633	0	0	0	0	0	chrono	False
7.71367	1.230349	0	0	0	0	0	chrono	False
7.715247	1.231926	0	0	0	0	0	chrono	False
7.717012	1.233691	0	0	0	0	0	chrono	False
7.718561	1.23524	0	0	0	0	0	chrono	False
7.720047	1.236727	0	0	0	0	0	chrono	False
7.721511	1.238191	0	0	0	0	0	chrono	False
7.722976	1.239655	0	0	0	0	0	chrono	False
7.7244	1.241079	0	0	0	0	0	chrono	False
7.725845	1.242525	0	0	0	0	0	chrono	False
7.727262	1.243941	0	0	0	0	0	chrono	False
7.728689	1.245368	0	0	0	0	0	chrono	False
7.73021	1.24689	0	0	0	0	0	chrono	False
7.732812	1.249491	0	0	0	0	0	chrono	False
7.73511	1.251789	0	0	0	0	0	chrono	False
7.737142	1.253821	0	0	0	0	0	chrono	False
7.738842	1.255521	0	0	0	0	0	chrono	False
7.740856	1.257535	0	0	0	0	0	chrono	False
7.743034	1.259713	0	0	0	0	0	chrono	False
7.744652	1.261332	0	0	0	0	0	chrono	False
7.746321	1.263	0	0	0	0	0	chrono	False
7.748006	1.264686	0	0	0	0	0	chrono	False
7.74982	1.2665	0	0	0	0	0	chrono	False
7.751398	1.268077	0	0	0	0	0	chrono	False
7.753124	1.269804	0	0	0	0	0	chrono	False
7.754814	1.271493	0	0	0	0	0	chrono	False
7.75643	1.273109	0	0	0	0	0	chrono	False
7.757989	1.274668	0	0	0	0	0	chrono	False
7.759503	1.276183	0	0	0	0	0	chrono	False
7.761003	1.277682	0	0	0	0	0	chrono	False
7.762489	1.279168	0	0	0	0	0	chrono	False
7.764503	1.281183	0	0	0	0	0	chrono	False
7.766271	1.28295	0	0	0	0	0	chrono	False
7.768107	1.284787	0	0	0	0	0	chrono	False
7.769747	1.286426	0	0	0	0	0	chrono	False
7.771297	1.287976	0	0	0	0	0	chrono	False
7.773489	1.290169	0	0	0	0	0	chrono	False
7.775688	1.292367	0	0	0	0	0	chrono	False
7.777256	1.293935	0	0	0	0	0	chrono	False
7.778772	1.295452	0	0	0	0	0	chrono	False
7.780251	1.29693	0	0	0	0	0	chrono	False
7.781766	1.298446	0	0	0	0	0	chrono	False
7.783362	1.300042	0	0	0	0	0	chrono	False
7.784973	1.301652	0	0	0	0	0	chrono	False
7.78659	1.30327	0	0	0	0	0	chrono	False
7.78817	1.304849	0	0	0	0	0	chrono	False
7.789723	1.306402	0	0	0	0	0	chrono	False
7.791268	1.307947	0	0	0	0	0	chrono	False
7.792869	1.309549	0	0	0	0	0	chrono	False
7.794408	1.311087	0	0	0	0	0	chrono	False
7.795971	1.312651	0	0	0	0	0	chrono	False
7.797698	1.314378	0	0	0	0	0	chrono	False
7.799795	1.316474	0	0	0	0	0	chrono	False
7.801547	1.318226	0	0	0	0	0	chrono	False
7.803244	1.319923	0	0	0	0	0	chrono	False
7.8049	1.321579	0	0	0	0	0	chrono	False
7.806924	1.323603	0	0	0	0	0	chrono	False
7.809263	1.325942	0	0	0	0	0	chrono	False
7.810921	1.3276	0	0	0	0	0	chrono	False
7.812426	1.329104	0	0	0	0	0	chrono	False
7.814126	1.330806	0	0	0	0	0	chrono	False
7.815707	1.332388	0	0	0	0	0	chrono	False
7.817723	1.334403	0	0	0	0	0	chrono	False
7.819363	1.336042	0	0	0	0	0	chrono	False
7.821016	1.337695	0	0	0	0	0	chrono	False
7.822581	1.339261	0	0	0	0	0	chrono	False
7.824114	1.340793	0	0	0	0	0	chrono	False
7.825595	1.342274	0	0	0	0	0	chrono	False
7.827046	1.343726	0	0	0	0	0	chrono	False
7.828478	1.345158	0	0	0	0	0	chrono	False
7.829971	1.346651	0	0	0	0	0	chrono	False
7.831912	1.348592	0	0	0	0	0	chrono	False
7.834114	1.350793	0	0	0	0	0	chrono	False
7.836431	1.353111	0	0	0	0	0	chrono	False
7.838354	1.355033	0	0	0	0	0	chrono	False
7.840544	1.357224	0	0	0	0	0	chrono	False
7.843013	1.359693	0	0	0	0	0	chrono	False
7.844938	1.361617	0	0	0	0	0	chrono	False
7.846565	1.363245	0	0	0	0	0	chrono	False
7.848201	1.36488	0	0	0	0	0	chrono	False
7.849752	1.366431	0	0	0	0	0	chrono	False
7.851261	1.36794	0	0	0	0	0	chrono	False
7.852936	1.369616	0	0	0	0	0	chrono	False
7.854432	1.371111	0	0	0	0	0	chrono	False
7.855921	1.3726	0	0	0	0	0	chrono	False
7.857353	1.374032	0	0	0	0	0	chrono	False
7.85877	1.375449	0	0	0	0	0	chrono	False
7.860173	1.376852	0	0	0	0	0	chrono	False
7.861626	1.378305	0	0	0	0	0	chrono	False
7.86307	1.379749	0	0	0	0	0	chrono	False
7.864904	1.381584	0	0	0	0	0	chrono	False
7.867216	1.383895	0	0	0	0	0.05	chrono	False
7.869073	1.385752	0	0	0	0	0	chrono	False
7.871084	1.387763	0	0	0	-0.05	0	chrono	False
7.873053	1.389733	0	0	0	0	0	chrono	False
7.875415	1.392094	0	0	0	0	0	chrono	False
7.877252	1.393931	0	0	0	0	0	chrono	False
7.87873	1.39541	0	0	0	0	0	chrono	False
7.880565	1.397244	0	0	0	-0.05	0	chrono	False
7.882134	1.398814	0	0	0	0	0	chrono	False
7.883756	1.400435	0	0	0	0	0	chrono	False
7.885376	1.402055	0	0	0	0	0	chrono	False
7.886966	1.403646	0	0	0	0	0	chrono	False
7.888412	1.405092	0	0	0	0	0	chrono	False
7.889905	1.406585	0	0	0	0	0	chrono	False
7.891347	1.408026	0	0	0	0	0	chrono	False
7.892954	1.409634	0	0	0	0	0	chrono	False
7.894501	1.41118	0	0	0	0	0	chrono	False
7.895936	1.412615	0	0	0	0	0	chrono	False
7.897376	1.414055	0	0	0	0	0	chrono	False
7.899279	1.415958	0	0	0	0	0	chrono	False
7.901081	1.41776	0	0	0	0	0	chrono	False
7.903258	1.419937	0	0	0	-0.05	0	chrono	False
7.904984	1.421663	0	0	0	0	0	chrono	False
7.906566	1.423245	0	0	0	0	0	chrono	False
7.908822	1.425501	0	0	0	0	0	chrono	False
7.910634	1.427313	0	0	0	0	0	chrono	False
7.912241	1.42892	0	0	0	-0.05	0	chrono	False
7.914273	1.430953	0	0	0	0	0	chrono	False
7.915982	1.432662	0	0	0	0	0	chrono	False
7.917923	1.434603	0	0	0	0	0	chrono	False
7.919791	1.436471	0	0	0	0	0	chrono	False
7.921732	1.438411	0	0	0	0	0	chrono	False
7.924448	1.441127	0	0	0	-0.05	-0.05	chrono	False
7.926037	1.442717	0	0	0	0	0	chrono	False
7.927498	1.444178	0	0	0	0	0	chrono	False
7.928958	1.445638	0	0	0	0	0	chrono	False
7.930615	1.447294	0	0	0	0	0	chrono	False
7.933417	1.450096	0	0	0	-0.05	0	chrono	False
7.935719	1.452398	0	0	0	0	0	chrono	False
7.937652	1.454331	0	0	0	0	0	chrono	False
7.939328	1.456007	0	0	0	0	0	chrono	False
7.941789	1.458468	0	0	0	0	0	chrono	False
7.943948	1.460628	0	0	0	-0.05	0	chrono	False
7.946082	1.462761	0	0	0	0	0	chrono	False
7.947736	1.464416	0	0	0	0	0	chrono	False
7.951083	1.467762	0	0	0	0	0	chrono	False
7.952765	1.469445	0	0	0	0	0	chrono	False
7.954349	1.471029	0	0	0	0	0	chrono	False
7.955811	1.47249	0	0	0	0	0	chrono	False
7.957616	1.474295	0	0	0	0	-0.05	chrono	False
7.959072	1.47575	0	0	0	0	0	chrono	False
7.960485	1.477165	0	0	0	0	0	chrono	False
7.961925	1.478604	0	0	0	0	0	chrono	False
7.963523	1.480202	0	0	0	0	0	chrono	False
7.965488	1.482168	0	0	0	0	0	chrono	False
7.968923	1.485602	0	0	0	-0.1	0	chrono	False
7.970676	1.487355	0	0	0	0	0	chrono	False
7.972299	1.488978	0	0	0	0	0	chrono	False
7.97472	1.4914	0	0	0	0	0	chrono	False
7.976443	1.493122	0	0	0	0	0	chrono	False
7.97793	1.494609	0	0	0	0	0	chrono	False
7.979403	1.496082	0	0	0	0	0	chrono	False
7.98092	1.4976	0	0	0	0	0	chrono	False
7.988462	1.505141	0	0	0	0	0	chrono	False
7.991157	1.507836	0	0	0	0	0	chrono	False
7.993012	1.509692	0	0	0	0	0	chrono	False
7.994541	1.51122	0	0	0	0	0	chrono	False
7.99601	1.51269	0	0	0	0	0	chrono	False
7.99776	1.514439	0	0	0	0	0	chrono	False
7.999904	1.516583	0	0	0	0	0	chrono	False
8.001662	1.518342	0	0	0	0	0	chrono	False
8.003391	1.52007	0	0	0	0	0	chrono	False
8.004941	1.52162	0	0	0	0	0	chrono	False
8.006547	1.523226	0	0	0	0	0	chrono	False
8.008794	1.525473	0	0	0	0	0	chrono	False
8.01053	1.527209	0	0	0	0	0	chrono	False
8.012108	1.528787	0	0	0	0	0	chrono	False
8.013776	1.530455	0	0	0	0	0	chrono	False
8.015255	1.531933	0	0	0	0	0	chrono	False
8.016827	1.533506	0	0	0	0	0	chrono	False
8.018472	1.535151	0	0	0	0	0	chrono	False
8.019954	1.536633	0	0	0	0	0	chrono	False
8.021419	1.538098	0	0	0	0	0	chrono	False
8.022843	1.539523	0	0	0	0	0	chrono	False
8.024243	1.540923	0	0	0	0	0	chrono	False
8.025661	1.54234	0	0	0	0	0	chrono	False
8.027122	1.543801	0	0	0	0	0	chrono	False
8.028525	1.545205	0	0	0	0	0	chrono	False
8.030181	1.54686	0	0	0	0	0	chrono	False
8.032446	1.549126	0	0	0	0	0	chrono	False
8.035028	1.551707	0	0	0	0	0	chrono	False
8.037238	1.553917	0	0	0	0	0	chrono	False
8.039164	1.555843	0	0	0	0	0	chrono	False
8.040866	1.557545	0	0	0	0	0	chrono	False
8.043406	1.560086	0	0	0	0	0	chrono	False
8.045369	1.562047	0	0	0	0	0	chrono	False
8.047198	1.563879	0	0	0	0	0	chrono	False
8.049352	1.566031	0	0	0	0	0	chrono	False
8.051097	1.567776	0	0	0	0	0	chrono	False
8.053054	1.569733	0	0	0	0	0	chrono	False
8.054768	1.571447	0	0	0	0	0	chrono	False
8.056566	1.573246	0	0	0	0	0	chrono	False
8.058278	1.574957	0	0	0	0	0	chrono	False
8.059924	1.576603	0	0	0	0	0	chrono	False
8.061416	1.578095	0	0	0	0	0	chrono	False
8.062942	1.579621	0	0	0	0	0	chrono	False
8.064474	1.581153	0	0	0	0	0	chrono	False
8.066587	1.583267	0	0	0	0	0	chrono	False
8.068454	1.585133	0	0	0	0	0	chrono	False
8.07053	1.587209	0	0	0	0	0	chrono	False
8.07223	1.588911	0	0	0	0	0	chrono	False
8.074409	1.59109	0	0	0	0	0	chrono	False
8.076607	1.593286	0	0	0	0	0	chrono	False
8.078419	1.595097	0	0	0	0	0	chrono	False
8.079928	1.596608	0	0	0	0	0	chrono	False
8.081371	1.598051	0	0	0	0	0	chrono	False
8.082802	1.599481	0	0	0	0	0	chrono	False
8.08425	1.600929	0	0	0	0	0	chrono	False
8.085677	1.602356	0	0	0	0	0	chrono	False
8.087168	1.603847	0	0	0	0	0	chrono	False
8.088752	1.605431	0	0	0	0	0	chrono	False
8.090369	1.607049	0	0	0	0	0	chrono	False
8.091957	1.608636	0	0	0	0	0	chrono	False
8.093479	1.610159	0	0	0	0	0	chrono	False
8.09802	1.614699	0	0	0	0	0	chrono	False
